50 43 2500
0.0002 152
0.0205 1215
0.5018 85
0.0039 1172
0.9313 1036
0.0048 650
0.2597 1240
0.9992 906
0.0185 139
0.0001 1193
0.0008 759
0.0091 499
0.0019 301
0.0187 1
0.0084 1131
0.0011 1174
0.9979 694
0.0000 349
0.0106 22
0.9098 1150
0.1228 707
0.0470 41
0.0212 777
0.0113 257
0.1723 955
0.0166 767
0.0860 386
0.0002 587
0.0001 280
0.0006 1023
0.3131 900
0.0000 882
0.8451 214
0.1354 937
0.0000 1119
0.0369 169
0.0126 461
0.0096 149
0.0217 611
0.9978 191
0.0000 1159
0.0001 480
0.0013 344
0.0218 794
0.1366 413
0.1661 837
0.8188 988
0.0001 1017
0.0003 34
0.0012 1246
