50 2 2500
0.0000 309
0.0039 622
0.0056 252
0.0012 544
0.0005 308
0.0027 232
0.0002 1242
0.1951 297
0.0014 805
0.0054 88
0.0154 597
0.0104 1060
0.0000 1061
0.0009 107
0.0004 106
0.4661 442
0.0105 591
0.0051 1023
0.3147 1202
0.0000 941
0.0530 1246
0.0007 772
0.0002 901
0.0094 253
0.0003 1133
0.0006 1228
0.3835 391
0.1615 460
0.0749 1232
0.6907 787
0.0816 1138
0.0000 762
0.0019 222
0.0000 614
0.4196 423
0.0000 915
0.0000 14
0.8695 610
0.0038 251
0.0048 852
0.0078 351
0.0000 1190
0.0049 923
0.0000 341
0.0000 104
0.0911 314
0.0236 1199
0.0062 109
0.0706 410
0.0003 892
