0.00166557922081131
0
0.770279037890915
0.000536319547656859
0
0
0.9995
0.00256131520886692
0.655423084918139
0.00489999999790625
0.023077715935062
0.000885437688386376
0
0.8996
0.962
0.00159999999954891
0.00986403208348183
0.182039389201093
0.00206068736390876
6.94087103641614e-05
0.0252752327179331
0.137610692521898
0.140382275059208
0.987599940608025
0.101099999794866
0.0102539957744625
0.174156894824042
0.0125
0.00149778745688539
0
0.0004
0.8641
0
0.0163814282279979
0.967686972337223
0.00189999999961432
0.269135542217003
0.0008
0.0124
0.0049
0.000699317058934577
0.267724842909831
0.0003
0.027709588397784
0.6166
0.00719999999994123
0
0.9646
0.5038177907903
0.0227824744684637
