0.0185957545381141
0.0338379441282876
0.00559998609045327
0.0150545512920326
0.0019
0.000999334726072663
0.657299999999927
0.0201
0.00389697232740875
0.0089
7.52527640412267e-05
0.0002
0.00139999999999999
0.229796080716937
0.0484999990773456
0.00309999999671406
7.5162713400944e-05
0.021
0.781195497266393
0.0267711964692412
0.00450738117232413
0.6996
0
0.0824
0
0.0011
0.0022
0.1583
0.606946611295313
0.000799999999999971
0.0214
0.0351
0.884998109583709
0.000215273983843984
0.2242
0.9681
0.0026
9.9999999999997e-05
0
0.00329999453134117
0.145325507660693
0.0752
0.000290956890447752
0.0011
0.993277924419408
0.0153
0.541977577029694
0.3435108153777
0.0210112005169947
0.9734
