50 17 2500
0.0326 1129
0.0339 783
0.0056 652
0.0151 812
0.0019 314
0.0010 734
0.6573 405
0.0201 144
0.0039 771
0.0089 69
0.0001 972
0.0002 197
0.0014 354
0.5542 1156
0.0485 606
0.0031 538
0.0001 992
0.0210 240
0.7812 666
0.0268 782
0.0060 998
0.6996 128
0.0000 997
0.0824 2
0.0000 594
0.0011 108
0.0022 317
0.1583 344
0.8475 1118
0.0008 374
0.0214 339
0.0351 348
0.9645 946
0.0003 1105
0.2242 102
0.9681 178
0.0026 252
0.0001 367
0.0000 630
0.0033 646
0.6664 1220
0.0752 216
0.0004 1071
0.0011 212
0.9986 885
0.0153 246
0.9680 1147
0.9919 1167
0.0286 1045
0.9734 5
