50 7 2500
0.0025 788
0.1655 1022
0.0040 1154
0.0000 209
0.3516 316
0.0102 417
0.0005 1207
0.0000 698
0.0000 576
0.9204 38
0.0001 702
0.0007 647
0.0036 476
0.0005 474
0.0047 588
0.0875 513
0.0023 586
0.0007 600
0.0395 561
0.1055 100
0.0016 300
0.0003 319
0.0002 22
0.0027 773
0.0007 1007
0.9591 350
0.0052 770
0.1067 1166
0.0008 484
0.0014 723
0.0134 97
0.0003 1082
0.0093 553
0.0000 803
0.9513 152
0.0004 839
0.0000 1140
0.8114 929
0.0021 638
0.0011 966
0.0373 856
0.0077 117
0.0730 310
0.8051 439
0.0061 1135
0.0021 608
0.0467 318
0.0071 509
0.6602 227
0.8383 1089
