50 43 2500
0.0009 1057
0.0000 671
0.0157 1108
0.6403 354
0.8937 96
0.0000 524
0.0007 948
0.0503 510
0.0186 791
0.0081 144
0.0000 730
0.0047 493
0.1800 559
0.9968 118
0.0001 56
0.0008 310
0.0000 898
0.0002 469
0.2200 987
0.1328 294
0.9422 237
0.1927 842
0.8493 698
0.0176 608
0.0076 219
0.0000 73
0.0003 304
0.0007 766
0.0053 669
0.0034 250
0.9224 424
0.0000 595
0.0376 835
0.0003 182
0.3077 701
0.0000 556
0.8902 366
0.9273 411
0.0000 771
0.3861 1209
0.0004 931
0.0002 347
0.0005 252
0.9009 562
0.0540 456
0.0114 899
0.6820 385
0.0000 745
0.0660 553
0.0000 635
