0.00341858662039186
0.99052552256362
0.0046
0.9237
0.0746997224916297
0
0.00127359820367782
0.00563934803904296
0.9798
0.0247
0.0807000000000001
0.0258206614054622
0.0184
0.00209999998440651
0.034004839652421
0.00181713241184852
0.0004
0
0
6.73125293985009e-05
0.0847242950530088
0.9789
0.872375267073095
0.924899999997511
0
0.000557574006459274
0
0
0.0004
0.148303987207797
0.0272754997173526
0.7804
0
7.23826918515622e-05
0.1685
0.980550033296039
0.0833102153851874
0.0018
0.0257991421031238
0.00026907978720449
0.0332816753405357
0.291499994257376
0.00089999999999968
0
0.0033
0.00459891961879636
0.0532
0.00465861904463833
9.99949771664855e-05
0.0325361601861259
