47 39 1857
0.0069 90
0.9974 1857
0.9883 63
0.0062 100
0.0016 65
0.0006 1839
0.2233 19
0.5031 42
0.0187 66
0.9914 50
0.0019 1817
0.0004 1840
0.0000 1825
0.9940 1812
0.0028 1823
0.0000 22
0.0006 38
0.0013 1818
0.0002 17
0.6848 86
0.0035 1834
0.1461 96
0.2680 93
0.7777 1846
0.9837 12
0.0002 9
0.0302 29
0.8090 1828
0.0004 1844
0.0014 55
0.0002 60
0.0004 53
0.2560 18
0.0804 24
0.0007 36
0.1590 67
0.0004 77
0.0079 1847
0.5675 89
0.0009 97
0.1517 1837
0.0292 1838
0.9978 1833
0.1532 68
0.2832 91
0.0001 1824
0.0265 84
