50 9 2500
0.0005 204
0.0542 557
0.0323 676
0.0752 20
0.9993 169
0.0206 1060
0.0000 469
0.0004 927
0.8716 243
0.2812 232
0.9001 99
0.0259 711
0.0000 1008
0.0031 618
0.0000 1009
0.8413 965
0.3366 631
0.0074 735
0.0071 1074
0.0000 103
0.0064 282
0.0002 439
0.2253 68
0.0010 424
0.0003 926
0.0006 625
0.0510 1001
0.0000 762
0.0000 550
0.7291 1078
0.0000 1016
0.0027 509
0.2562 617
0.0062 124
0.9901 203
0.0053 1058
0.0116 576
0.0020 476
0.0052 678
0.0556 571
0.0325 1123
0.8983 1153
0.3263 868
0.9995 610
0.0001 246
0.9810 654
0.0054 460
0.0095 665
0.0336 340
0.0000 871
