4.96562718769703e-06
0
6.70625858352389e-05
0.6403
0.8937
0
6.65079027199414e-06
0.0331962754836738
0.000458483588374675
0.0081
0
0.00333236990128999
0.102584378575821
0.9968
0.0001
0.0008
0
0.00014649734172065
0.00179813241550171
0.1328
0.9422
0.00379543289469888
0.127168511294942
0.00336637683009692
0.0076
0
0.0003
1.85647384149613e-05
0.000879295025777232
0.0034
0.905357434068494
0
0.00077232432282761
0.0003
0.0134020837530606
0
0.890199999999629
0.927242708616076
0
0.00117954791535425
4.33507204444969e-06
0.0002
0.0005
0.442279247744512
0.043914378350234
0.000145225874890299
0.681999995406166
0
0.0396028078390233
0
