0.0002
1.22511050121487e-05
0.5018
2.98471953536456e-06
0.0265187105713398
0.00479952283260078
0.000147014881034543
0.55875747084855
0.0185
6.15044585014201e-08
0.000734366480637837
0.00909999650748379
0.0019
0.0187
3.68798336039547e-05
8.3631553104179e-07
0.997693596082776
0
0.0106
0.00387309949484317
0.12083283510995
0.047
0.0192265016817615
0.0113
0.0196419901795116
0.0152168066344062
0.0859999999999999
0.000199999157488861
9.99999999999999e-05
1.71166902047327e-05
0.233379478706583
0
0.845100000000002
0.0174563985402208
0
0.0369
0.0125999999844374
0.0096
0.0216998924096233
0.9978
0
9.99999864197108e-05
0.0013
0.019413477432198
0.136599999999987
0.143335942078393
0.0792120737162979
2.98119872882292e-06
0.0003
5.18610900530261e-07
