0.00690000000000002
5.82060576211838e-08
0.988300000000001
0.0062
0.0016
1.34786944067978e-09
0.2233
0.5031
0.0187
0.9914
2.85393873534369e-07
8.71324073226026e-10
0
0.00124303396940943
3.99547910241619e-07
0
0.0006
1.94933857112504e-07
0.0002
0.684799999999999
9.65196009491148e-09
0.1461
0.268
1.66089247681945e-07
0.9837
0.0002
0.0302
7.98702927938886e-05
8.70988599655644e-10
0.0014
0.0002
0.0004
0.256
0.0804
0.0007
0.159
0.000399999999999999
4.6454449015141e-10
0.567499999999999
0.000900000000000001
4.16935388698877e-07
6.90867915691591e-08
2.71581654680317e-05
0.1532
0.283200000000001
1.42339164434177e-08
0.0265
