0.0005
0.0541999999999071
0.0322028849450665
0.0752
0.9993
0.0187127562173164
0
0.000393091523392654
0.8716
0.2812
0.9001
0.0258079833053332
0
0.00309984805963642
0
0.825592978965025
0.336582064623375
0.00737122690447086
0.00641610931940695
0
0.0064
0.0002
0.2253
0.001
0.000294825256228151
0.000599969441237398
0.0470736015174245
0
0
0.658325428317738
0
0.0026999999999998
0.256198617582495
0.0062
0.9901
0.00481667737503519
0.0115999999019659
0.00199999999999999
0.00518313502995888
0.0555999999873456
0.027448332034533
0.752565905663872
0.324302630274198
0.999499954632495
0.0001
0.980598902169552
0.0054
0.00947327586267023
0.0336
0
