50 14 2500
0.0073 914
0.0009 347
0.1727 96
0.0132 792
0.0190 1108
0.0003 1078
0.0003 1015
0.0064 173
0.0052 519
0.0001 809
0.0042 958
0.0052 1202
0.0055 37
0.0082 566
0.0314 638
0.0008 392
0.0047 621
0.0003 336
0.0994 860
0.0295 436
0.8622 812
0.0000 1125
0.0002 189
0.0027 303
0.0031 340
0.0056 632
0.0132 516
0.0000 788
0.0157 866
0.9084 730
0.9811 1058
0.0331 328
0.0117 943
0.0001 1185
0.1613 795
0.0001 804
0.9859 49
0.0000 68
0.8499 1094
0.0050 407
0.0402 562
0.9992 1097
0.0005 543
0.3553 513
0.0003 302
0.8873 918
0.9841 998
0.0013 759
0.0023 762
0.0009 838
