0.0102
0.0088
0.0234
0.948895975988211
0.000757784667596083
0.000599999999986667
0.0113
0.0036
0.0394665437607654
0.0043987539972349
9.99999999917438e-05
0.0044
0.0497
0.0005
0.953759081818019
0.243785506280639
0.000700000000000001
0.00016837609755528
0
0.000244964754534944
0.184599999959608
0
0.298499999999999
0.989000000000001
9.77519195081824e-05
0.76394679905679
0.0206999897009385
0.0111130002837603
0.0002
0.0060526590318195
0
0.0034
0.0883816134555393
0.0318556056426852
0.0238
0.918605359824225
0.0593342822879977
0.001699999999998
0.0146718791849559
0.0621
0.0001
0.00404166061572867
0.0017
0.043304664409959
0.8813
0.2997
0.00127157622853729
0.0004
0.000595095735897217
0.0635
