50 15 2500
0.0049 1090
0.9906 598
0.0046 259
0.9237 243
0.0747 525
0.0000 723
0.0021 1209
0.0087 1170
0.9798 56
0.0247 329
0.0807 344
0.0380 1121
0.0184 141
0.0021 481
0.0354 770
0.0030 1215
0.0004 303
0.0000 315
0.0000 232
0.0001 1123
0.1076 918
0.9789 287
0.9492 915
0.9249 471
0.0000 969
0.0006 861
0.0000 59
0.0000 4
0.0004 73
0.1555 789
0.0285 785
0.7804 95
0.0000 743
0.0001 1033
0.1685 210
0.9843 676
0.1325 1208
0.0018 427
0.0258 532
0.0004 1127
0.0505 1150
0.2915 507
0.0009 437
0.0000 673
0.0033 64
0.0073 1206
0.0532 156
0.0070 1144
0.0001 536
0.0326 615
