0.00698334433776215
0.0009
0.1727
0.0131904224674521
0.00729634730490524
0.000172478927144355
0.000210893613029878
0.0064
0.00519999999951674
9.97797318882263e-05
0.00359311211569706
0.00195421191550975
0.0055
0.00819999955536021
0.0313999909277606
0.0008
0.00469999924294359
0.0003
0.0979638623102251
0.0295
0.86029747060988
0
0.0002
0.0027
0.0031
0.00559999878953835
0.0131999999998453
0
0.0153250264826186
0.908396868439506
0.685531557108219
0.0331
0.0100363054827077
3.76299511886713e-05
0.161165513063614
9.9780958483527e-05
0.9859
0
0.488069081190342
0.005
0.0401999998424877
0.481257738703059
0.000499999998549034
0.3553
0.0003
0.84809811973881
0.812612590133197
0.00129916537146774
0.00229849862936273
0.000888561831650329
