50 12 2500
0.0102 1
0.0088 95
0.0234 311
0.9489 653
0.0009 1063
0.0006 480
0.0113 173
0.0036 59
0.0408 937
0.0056 1196
0.0001 537
0.0044 323
0.0497 229
0.0005 142
0.9540 666
0.2448 667
0.0007 348
0.0002 1065
0.0000 917
0.0003 1143
0.1846 567
0.0000 1075
0.2985 414
0.9890 345
0.0001 890
0.9742 1216
0.0207 650
0.0131 1059
0.0002 319
0.0062 921
0.0000 132
0.0034 374
0.0924 1024
0.0322 809
0.0238 258
0.9704 1026
0.0926 1239
0.0017 458
0.0223 1221
0.0621 10
0.0001 256
0.0041 831
0.0017 291
0.0450 1005
0.8813 247
0.2997 8
0.0013 861
0.0004 369
0.0006 711
0.0635 53
