0.00249998819475086
0.164727599978406
0.00379521519627065
0
0.3516
0.0102
0.000468152538259027
0
0
0.9204
9.99998973700646e-05
0.000699999570516937
0.00359999999992312
0.000499999999990714
0.00469999948248729
0.0874999999604972
0.00229999978023812
0.000699999878036651
0.0394999991482187
0.1055
0.0016
0.0003
0.0002
0.00269999132950617
0.000697007726029239
0.9591
0.00519998950801551
0.101145716970299
0.000799999999964795
0.00139999840752904
0.0134
0.000296872687169485
0.00929999990901502
0
0.9513
0.000399996400713391
0
0.811321189608459
0.00209999895973191
0.00109656588573907
0.0372996031190082
0.0077
0.073
0.8051
0.00579250683802179
0.00209999954760603
0.0467
0.00709999999916997
0.6602
0.829531123431119
