50 9 2500
0.0024 1224
0.0000 439
0.9574 1198
0.0006 1048
0.0000 72
0.0000 432
0.9995 97
0.0026 818
0.6575 729
0.0049 475
0.0260 1070
0.0009 838
0.0000 327
0.8996 322
0.9620 312
0.0016 456
0.0104 959
0.2194 1175
0.0021 862
0.0001 1222
0.0253 642
0.1429 917
0.1406 682
0.9876 516
0.1011 507
0.0108 957
0.2035 1160
0.0125 173
0.0015 676
0.0000 1001
0.0004 339
0.8641 349
0.0000 559
0.0164 650
0.9677 567
0.0019 452
0.2692 594
0.0008 158
0.0124 343
0.0049 336
0.0007 641
0.2743 909
0.0003 335
0.0281 815
0.6166 127
0.0072 431
0.0000 902
0.9646 358
0.5371 1025
0.0228 619
