50 2500
2068 850 1064 560 149 2440 1103 854 2124 192 1367 770 1373 1559 1154 1779 276 609 570 1911 188 670 18 280 1340 1079 2194 51 284 698 1659 378 1039 1107 2442 1613 1467 1860 382 823 1401 1080 1354 979 1537 2265 1432 1018 1983 1055
1462 2028 1648 2121 432 667 582 450 2029 391 101 1022 817 494 1988 1185 949 527 877 2056 1447 1231 422 1376 1400 1347 1954 1652 2266 277 557 2073 45 2439 708 964 388 719 1341 246 1242 469 2110 663 57 511 852 1801 771 1737
597 208 1197 1042 1091 700 2199 468 626 978 2449 1744 396 278 2137 870 1313 115 602 201 2371 2024 353 1823 475 543 2114 1727 1121 25 2117 1511 647 2360 1861 217 2274 2374 222 104 918 295 786 230 1472 1382 2134 1348 60 1660
2030 1237 1424 2410 1905 1852 1543 414 495 592 1606 509 1567 927 993 1192 2482 1978 1211 1722 1265 1913 109 103 1402 1128 1226 743 1247 2032 410 911 1077 292 681 262 1568 178 648 1278 2017 2113 879 1974 705 593 864 1625 2198 251
1047 2483 1063 1706 1689 811 341 1200 380 794 2247 2396 1618 935 1355 27 436 1552 426 775 752 1257 249 336 1139 1202 191 1704 1850 1703 939 1199 231 1745 907 666 2090 2369 831 804 327 162 6 2220 725 2479 2327 248 1306 2193
33 587 1526 732 1023 2380 585 2119 1255 1146 1653 1794 657 2393 2280 2457 982 272 959 583 1842 882 1013 323 1342 1129 88 629 148 1385 1034 635 2394 652 2222 1298 1684 1239 521 841 1886 442 2224 1724 1497 1427 200 370 1195 2331
738 1882 359 1566 1264 2105 2048 2387 1041 633 1741 2087 2170 1584 552 376 2370 1280 497 1514 1572 537 2063 2384 419 1304 259 825 2159 955 1881 2043 750 2490 1700 98 1924 546 48 539 1987 2015 1679 1000 1702 1492 1267 1501 209 437
19 176 1229 412 1982 2136 731 1343 177 1973 1756 1907 1654 1902 1350 26 2065 956 1784 1361 1309 1553 1453 503 92 477 895 668 1525 43 871 773 674 2319 781 1262 1474 405 944 312 1345 1593 1502 1019 1949 1642 2378 969 1033 2334
199 1147 787 1358 703 515 1118 38 1368 68 1016 1387 1556 157 491 1126 1222 764 425 1561 1274 40 1752 1119 305 11 462 132 346 1862 433 281 1635 2402 990 207 1961 473 1352 1086 506 1641 2268 739 1610 392 2320 2415 803 1506
108 1534 779 1508 975 818 1721 1243 912 270 2308 1143 1728 1520 596 2099 409 2251 356 2348 885 1929 1479 1371 1709 2088 256 264 573 839 1028 1216 1897 1646 1923 1445 2181 1834 2062 1800 1295 1725 2489 636 2010 1127 387 1944 1796 2313
2212 1434 2447 489 747 828 762 840 2002 366 1560 2423 283 2428 1789 898 961 2012 1649 2358 1344 620 2343 1144 2452 2322 1138 1713 1802 2154 1208 2050 578 2213 163 1106 518 766 2403 367 1021 268 12 454 2297 2031 1438 233 2296 556
2189 1425 2347 788 1542 1883 1803 160 361 1163 358 1137 89 1920 1925 1781 174 10 1451 447 925 164 2466 2058 1839 94 615 218 742 2232 1256 2197 709 2498 1631 711 809 618 1894 866 2411 686 73 1332 50 1275 1092 665 35 2278
769 2160 215 1715 296 116 1805 1446 1398 1258 2424 186 1787 1245 1346 2407 204 856 757 240 95 334 2175 741 827 1440 2477 2459 1774 598 1607 71 1090 724 2408 258 744 2355 958 529 1749 275 1717 1582 2168 2164 1170 79 297 1476
1979 671 1431 1312 1578 250 1735 1283 1510 2255 1841 2097 522 1623 1437 137 951 1441 2480 704 533 906 1253 197 119 1266 772 2257 1268 1263 1708 1281 1421 684 1187 886 1228 1769 1172 1647 680 1738 2011 1327 1069 2404 2223 1849 2061 1958
1205 1214 2205 1319 1953 287 184 2022 568 493 846 2287 1353 291 156 2405 285 1483 2227 826 1485 416 1030 1533 736 1516 234 431 1046 223 692 274 1148 1386 616 1428 1165 1420 754 66 99 2454 2365 1666 572 404 2152 269 542 2267
2311 628 2434 72 2085 1671 482 881 169 2239 265 1825 1573 1524 293 2178 2004 1692 129 915 2269 1014 1549 599 2252 1007 1108 1622 2172 1122 1162 2379 216 1496 966 141 1591 1273 1489 869 893 1419 2487 1546 1541 1300 795 1062 972 815
2204 65 1111 357 1114 1788 1244 847 1314 1213 1682 2342 1365 998 1835 1471 1081 131 1761 14 965 581 1334 421 153 1602 1227 266 1687 1947 1049 1454 837 1807 1409 1539 1499 2107 1468 1707 1588 1001 1136 1450 1465 1980 1364 2101 2359 1827
1058 1240 1656 603 778 2072 1010 23 984 2419 914 1716 480 530 2469 2463 722 2253 970 1651 2291 2080 232 2326 861 2122 561 1284 960 913 2364 1166 1915 627 1320 889 1210 379 1076 833 1605 512 2448 2129 16 301 988 1645 2262 83
2039 1975 1276 1458 1135 1791 112 1976 1611 175 63 1456 1285 229 1161 1927 2006 172 1410 1017 13 2465 1688 1116 348 355 2149 459 1863 347 165 588 1503 1134 1488 86 662 170 1908 2337 1594 2008 2412 2421 2325 2445 1392 1130 1583 1459
664 1233 977 2102 1307 2007 1887 254 242 1330 574 310 639 1269 1638 1190 1579 399 2377 136 1615 1837 1664 1941 1230 1338 443 314 134 349 17 1608 1087 28 2018 1720 699 950 1640 1742 1536 1674 1617 2256 1032 1529 2069 1828 1515 1634
1072 152 41 195 74 2184 364 1912 577 294 1152 531 2392 1177 144 534 2324 653 2177 921 1369 1580 2041 676 110 2470 1036 1426 2146 1360 768 1182 1156 1390 723 1015 2366 2044 1246 2147 910 2169 746 1730 2351 2238 2112 434 2051 1940
2079 1391 267 2217 1798 260 802 1329 1480 1884 288 1644 551 967 1067 2486 2131 1142 1043 733 1490 2049 1498 1616 1757 2229 173 1328 954 325 1770 1160 634 980 2288 2292 1665 765 1060 1598 1777 499 932 171 614 1436 335 2373 1051 2492
1184 457 983 516 2276 776 830 2203 1889 891 342 844 1962 474 2078 780 729 2289 394 507 1113 448 1179 2218 428 1734 2300 887 1758 2395 1396 2109 2076 1938 1096 1004 2093 2108 1378 1176 93 1760 106 563 2089 1318 1088 2399 1755 1504
42 1832 2290 812 1422 2215 1672 1972 339 2196 1287 1643 2281 1094 903 1405 1317 39 1173 2125 594 650 2427 916 655 1811 1040 244 2484 682 402 1936 1545 1853 1455 2202 2071 675 641 463 84 697 1957 430 1232 1336 1133 1630 1831 1068
971 2187 2346 524 1188 761 623 1571 2133 179 1326 821 111 2478 1909 1394 500 2273 1633 536 1029 756 1619 549 1291 1773 2083 901 651 1822 1662 2468 271 884 2214 2401 78 133 702 1439 2021 876 1609 2228 375 435 758 1731 896 82
478 2035 930 1847 1288 1478 424 1544 423 2091 2277 1254 180 1783 1009 331 226 2356 322 205 1517 1460 2250 595 1865 2042 238 1331 690 1676 2307 1117 315 1599 1236 21 843 1297 2316 1778 942 451 2200 558 1701 1669 986 805 1071 660
398 1632 224 1404 545 580 947 2209 239 1592 343 1310 2098 1736 8 1495 1141 2174 683 456 138 1967 2151 1366 1351 2225 1621 502 2362 541 992 1564 407 1900 1680 1383 2115 1132 1997 2264 2495 316 1596 236 1362 235 2005 689 1535 640
933 1985 1250 182 263 253 726 2081 374 853 142 210 345 1677 155 1403 1174 816 2171 363 1002 319 996 679 311 1333 2145 501 2312 2422 2192 1180 2304 605 2391 953 1743 1449 1038 987 976 997 654 1793 737 1968 940 365 1563 1325
946 1705 455 1303 309 612 1057 1601 1027 613 801 749 1411 1819 1123 1891 1408 476 1252 1131 1323 1194 1903 439 514 904 838 1302 538 926 1380 1746 1739 624 1639 1766 1867 1990 2310 1994 1423 2328 1851 1981 1025 807 225 1876 1951 2034
880 1812 298 1557 2475 2429 1548 1691 1234 510 373 2270 2345 1792 1829 819 1104 1775 659 2234 1992 1491 1203 1167 438 936 1916 1286 721 1576 1681 696 2132 368 1585 64 1846 1186 565 1570 1820 2153 1922 1817 483 2075 1054 2103 1845 2185
1008 1595 2036 118 385 1750 279 874 127 619 121 909 2354 991 1993 168 2338 1430 672 567 763 329 1880 968 1824 1112 791 2242 167 100 75 829 1762 2306 32 1475 2481 631 1904 1970 2025 952 67 2000 255 1895 848 789 130 470
1932 2111 386 1324 1658 1753 1189 1005 1875 1844 161 2052 782 793 2237 1477 198 300 1655 740 2026 2057 1604 181 2003 2176 902 564 1733 554 860 330 2156 1220 1693 2323 333 2496 1448 1217 767 1856 1270 1575 1748 550 20 2383 797 2275
1337 1695 1372 393 4 938 1888 2451 76 1085 397 429 694 2074 52 496 1869 484 464 701 47 1771 836 1523 2458 1685 1110 931 2309 36 716 1260 875 2201 1813 2443 498 590 638 535 1212 1375 1885 2314 2045 1901 1066 1937 9 2038
730 1095 863 1808 649 1906 261 1379 678 2436 1668 352 2474 228 1627 591 855 1102 2261 2053 800 1097 945 1140 644 1998 1840 2013 1712 621 1952 2499 2188 604 1399 1729 1248 1892 1878 2414 1500 1871 140 247 114 1686 1751 2183 2106 658
1939 1290 2195 1614 2259 2272 1697 2128 1026 77 154 1963 1629 400 420 1044 2464 15 406 1948 878 1809 332 1854 1521 2190 1782 2086 139 1558 2046 2350 452 1518 2472 608 24 1181 2294 1271 1349 2425 117 919 56 2305 1487 2491 1670 441
1714 2210 2476 2143 1056 1412 1935 2014 408 1249 630 97 481 390 706 759 1780 403 350 401 135 1740 798 2077 1855 2211 2341 1986 206 212 61 1150 1159 189 85 832 395 371 1942 2165 1663 2191 2430 1125 1943 221 688 2467 569 575
888 2260 2397 523 1031 1759 2084 49 1124 519 1308 102 360 2333 1101 1765 458 1075 2235 1626 203 1061 1395 584 1393 712 2340 1764 1429 46 290 2055 2315 1698 1218 1527 2437 1577 2067 1074 1930 685 2462 822 146 2059 858 486 479 1153
645 1417 2179 1305 1872 1590 985 54 2167 1726 2488 908 466 607 517 488 617 1155 449 69 1956 1235 810 2019 948 194 1289 307 492 44 337 559 1168 1241 1183 1893 625 2096 1898 2009 1620 2182 1059 2157 1946 920 383 1718 461 1078
211 245 1238 924 59 905 1530 1540 2001 213 1890 2409 1311 2054 2142 1444 2398 1363 1482 1699 1864 1452 1279 695 734 151 1294 1115 1815 1509 2037 321 2456 241 713 384 735 1522 166 1816 2095 859 1193 2104 2497 2243 1224 1481 2135 2336
1223 728 1586 1277 2299 70 586 227 917 1461 579 2094 2141 1657 2244 2163 81 1562 306 1105 183 2433 2246 637 1 2206 411 1470 1292 2455 1464 1519 1384 2186 1719 1667 2372 1821 2221 849 1035 1772 1673 427 1804 1335 1969 2461 1637 124
1790 622 1999 2284 2207 2471 1696 1293 2339 417 1486 2148 465 1550 2420 2161 2263 1374 1020 691 943 471 1965 243 2329 562 923 2318 2426 273 707 1555 2283 340 532 2432 994 1484 1966 252 610 2226 1919 2381 2208 1339 1415 2286 107 2236
820 354 2317 2 1073 326 835 1473 1413 2293 1191 1785 2245 1299 2382 727 453 642 1045 1512 369 2180 2231 1843 317 1198 1917 2444 1896 318 302 714 1683 806 1873 1370 851 2344 941 1833 745 1624 865 303 1407 1945 1694 544 2453 105
1377 1158 62 508 1868 1723 299 2349 1206 2254 445 1532 1207 526 2301 185 2386 2118 1574 2249 257 571 320 2335 1048 1747 937 894 963 2060 444 413 718 1926 868 1357 1389 1675 1251 1466 1921 1600 1109 472 1053 1381 145 857 796 1955
490 344 7 2116 2139 2240 1012 547 487 525 520 34 1169 362 1931 900 1858 845 2158 656 1359 282 1767 1050 995 2450 2127 1776 2357 2230 123 2431 2216 1259 897 202 957 53 2233 1879 1282 1397 220 1315 338 1442 1070 381 190 1859
2446 351 2020 1082 289 159 1810 1151 1977 2493 440 113 125 2441 2418 687 2303 2033 143 643 2332 2388 899 1989 1799 1463 1857 2248 661 600 790 589 2352 892 1171 1650 929 1603 1838 555 1711 873 2144 1164 96 1157 2100 1120 58 799
2389 1414 862 1089 2162 1995 720 1301 55 2279 1814 460 981 2417 2027 128 2258 677 2416 2438 2361 2406 2376 418 566 2413 214 2363 2298 834 576 1433 313 1204 328 2120 2330 1494 1934 872 37 2040 1899 974 1443 1581 785 120 2494 2219
669 377 1996 1099 2295 1388 1065 1964 2241 1597 693 1636 2138 1221 504 1984 1093 2123 1003 774 1528 193 824 1950 2302 1098 1589 1960 1322 2166 2140 2082 3 1587 2016 2126 2460 2066 1457 1795 611 1416 1866 1848 2150 1918 150 1661 890 1196
2400 601 710 2385 2064 2047 485 1678 324 513 2353 1768 237 1538 147 2390 196 2271 973 1910 1505 962 1933 1145 90 446 87 760 1296 1710 2173 2435 751 122 717 505 2368 1272 1037 1201 1914 1928 1763 1469 2070 1100 22 1083 755 1435
80 540 2485 1178 999 1006 748 1786 606 1874 528 389 1830 1547 1084 2282 1732 808 928 2367 2155 2500 415 1612 2375 842 1870 1554 467 91 1551 1826 553 2092 1225 1797 1209 1818 1877 308 1261 1971 1493 2130 219 30 1507 777 126 1219
29 2321 814 1418 934 1569 783 2473 2285 1628 1690 1321 1959 883 1991 813 158 372 1011 1513 1149 304 1215 632 989 1754 31 646 187 673 1316 2023 286 548 1565 867 1406 784 1531 1024 1806 1356 5 1052 715 753 1175 1836 922 792
