50 1000
695 898 4 396 546 342 260 882 34 602 537 409 117 191 517 262 821 401 44 825 983 295 378 782 465 410 548 250 136 398 644 243 259 327 987 73 752 77 482 640 769 927 481 583 819 422 371 323 498 928
268 381 28 189 481 138 81 6 210 937 115 889 630 895 104 193 67 614 553 323 591 420 143 659 481 864 737 444 974 23 476 271 968 165 63 363 393 807 969 451 896 820 962 709 742 412 939 462 288 609
866 619 345 594 30 418 3 623 236 855 577 862 716 482 476 524 403 318 944 111 557 717 747 808 390 158 289 230 998 473 735 701 87 449 770 134 372 832 243 240 416 824 457 932 751 573 491 702 509 81
265 655 25 199 421 359 318 633 572 88 22 253 835 790 491 786 863 227 132 648 197 223 64 998 107 396 618 205 953 919 529 409 96 291 82 647 845 215 900 82 985 944 192 872 768 617 515 810 964 702
370 696 766 225 233 74 105 531 535 972 395 860 890 889 288 286 258 608 132 748 997 524 701 240 831 525 875 905 571 36 189 747 898 627 434 72 110 203 368 981 156 935 852 984 269 494 23 165 503 278
584 832 364 884 708 252 183 424 408 834 334 324 542 734 344 917 795 883 573 411 76 998 796 675 440 968 533 795 631 508 404 517 861 121 566 717 906 738 380 549 857 129 977 887 843 42 449 354 720 707
32 494 513 417 940 10 956 542 895 981 317 719 837 209 462 594 671 419 83 933 410 775 516 584 463 233 280 820 528 430 890 854 203 705 107 564 430 769 436 760 983 128 5 642 415 494 207 975 147 388
483 632 517 700 613 990 846 757 368 376 648 221 927 631 340 376 565 833 823 461 90 489 585 623 675 904 596 48 557 909 821 489 605 216 434 655 975 892 272 976 593 338 143 819 763 282 564 102 565 261
188 584 389 262 904 550 67 222 9 123 987 351 225 545 63 440 732 252 974 631 233 701 621 278 889 549 536 588 674 31 350 475 712 72 790 74 841 930 633 208 379 804 909 593 541 877 147 430 671 823
55 588 398 505 866 87 640 845 229 600 560 728 11 521 351 495 699 113 839 103 209 898 309 909 240 168 203 468 511 364 279 260 133 863 867 480 546 354 121 456 979 802 227 309 497 177 805 163 887 31
352 376 231 840 83 59 216 662 648 64 669 663 688 767 229 170 956 692 394 675 241 474 552 110 431 617 189 744 366 871 135 625 165 930 670 901 265 850 855 361 551 117 506 403 998 533 730 355 572 772
102 246 227 519 968 481 487 96 961 322 687 414 766 393 757 872 220 526 964 486 28 685 189 920 250 44 230 664 128 397 768 58 114 518 891 404 982 766 720 760 762 370 402 646 849 230 562 198 379 415
358 820 808 212 718 452 209 981 970 989 444 404 659 66 162 136 53 171 902 529 949 722 28 486 45 826 307 153 865 554 16 524 21 494 33 452 685 302 627 467 576 64 121 565 450 465 906 753 741 801
324 519 563 557 371 680 219 93 288 64 493 709 776 96 668 905 610 304 111 370 836 594 323 453 555 251 769 347 853 10 367 531 430 578 630 970 826 525 528 69 725 246 651 438 29 296 239 266 672 805
392 275 400 406 447 921 151 42 235 619 441 114 624 355 141 920 890 824 7 336 544 981 629 295 207 582 68 632 282 723 670 974 939 85 738 667 137 190 657 830 381 213 40 803 131 687 735 117 546 545
405 39 751 865 693 984 301 564 673 996 89 938 537 183 69 878 96 516 891 801 84 900 411 526 128 730 195 249 15 60 883 289 839 308 362 700 456 68 928 746 104 311 896 177 620 148 553 303 748 670
243 167 444 215 593 746 139 131 102 887 162 456 864 909 410 44 868 268 946 215 676 348 988 559 948 406 331 922 661 470 796 565 251 146 125 387 730 284 670 10 104 979 811 168 950 16 355 939 816 772
184 173 903 39 987 350 456 595 443 563 635 479 194 101 953 527 901 373 802 689 773 155 755 107 678 37 801 687 52 204 156 168 341 635 947 143 832 473 184 30 575 574 999 973 427 865 992 843 349 32
967 660 244 369 900 857 416 197 420 374 474 101 380 684 750 764 253 343 366 283 520 777 684 836 894 53 715 775 333 568 267 656 851 898 767 649 56 419 141 755 540 216 897 32 66 748 878 124 768 3
850 642 988 970 149 491 12 146 214 377 786 772 770 585 562 350 234 703 330 595 527 547 333 689 109 34 579 220 673 88 545 40 801 176 80 140 806 150 789 297 752 35 453 89 399 328 994 349 625 286
94 975 709 202 770 822 66 886 924 160 932 826 788 186 669 330 289 10 932 913 140 950 797 667 864 205 269 712 949 91 175 772 416 394 976 171 256 987 804 266 288 180 515 489 228 28 651 724 106 698
114 857 102 20 537 467 377 899 152 765 159 58 642 531 852 904 454 170 371 963 446 112 563 757 752 662 414 91 279 258 166 127 949 376 718 647 559 489 579 414 733 348 718 737 668 904 983 52 930 68
662 227 470 445 681 885 353 319 622 818 29 807 827 389 992 228 426 884 461 38 114 284 383 975 452 970 971 391 195 468 193 67 422 862 414 805 150 345 330 343 383 174 49 256 829 728 352 33 35 934
461 561 227 712 691 212 477 905 905 611 214 123 638 565 455 753 148 676 646 717 590 2 230 442 270 305 870 467 999 698 328 346 836 525 664 693 396 271 583 643 203 250 875 845 270 838 772 879 578 477
694 245 257 892 54 475 698 894 259 804 444 771 427 332 7 29 543 121 559 755 788 468 53 766 942 494 28 752 282 117 973 117 569 102 488 178 501 252 191 826 305 710 640 728 193 39 792 886 738 735
119 203 792 23 499 388 339 402 268 609 165 30 673 296 587 314 422 951 157 298 371 418 371 589 266 765 805 784 492 716 239 299 224 430 896 481 201 631 494 589 755 468 888 759 762 610 264 574 743 296
74 296 256 403 197 341 875 471 436 994 207 218 801 33 783 413 512 301 867 285 916 947 860 438 40 420 428 574 44 527 504 767 553 267 140 798 771 938 665 889 42 817 797 54 733 677 471 470 148 743
269 976 992 552 980 266 489 488 395 42 235 879 668 170 958 238 897 338 57 56 823 280 299 443 81 546 797 995 572 500 519 453 298 21 797 536 454 780 782 343 635 240 882 588 680 916 573 886 660 377
443 811 650 214 970 673 273 515 559 911 851 99 950 256 536 928 185 31 702 984 820 798 687 797 547 976 527 514 305 615 857 433 990 15 397 721 995 866 704 709 421 549 367 696 956 39 633 700 344 897
513 410 991 193 189 92 908 929 702 639 487 660 740 316 341 425 581 356 124 639 489 771 813 553 229 310 599 363 674 151 524 298 954 423 818 475 191 3 88 201 192 207 114 522 392 6 84 859 772 28
39 79 729 571 786 439 32 393 720 451 112 139 594 766 30 370 962 384 338 508 395 734 777 214 423 884 171 957 887 18 105 860 737 412 53 599 801 859 421 366 422 921 749 341 407 634 960 800 546 381
891 748 673 802 358 113 426 102 32 243 82 466 310 288 805 290 639 788 996 25 279 159 363 649 470 944 750 80 612 116 783 86 900 407 943 635 474 178 23 942 178 389 449 71 767 604 952 142 940 101
1000 805 562 50 188 616 423 466 947 197 855 2 869 998 938 912 247 276 26 120 313 413 7 95 489 94 88 901 734 771 288 136 394 867 779 91 892 233 724 141 210 837 948 582 936 378 977 244 663 448
721 988 413 921 73 693 964 249 822 478 882 678 383 551 541 311 741 292 664 73 136 142 879 773 24 404 627 573 765 152 642 77 835 76 486 326 541 98 936 13 765 171 425 739 133 159 77 294 557 243
260 244 569 777 118 823 902 809 915 748 353 157 980 398 885 243 153 383 527 731 232 847 671 848 167 845 669 140 934 82 726 643 556 293 138 402 852 761 939 360 947 946 291 554 65 838 426 821 762 625
51 804 944 121 170 418 311 201 365 673 852 160 460 513 579 521 510 964 692 237 209 534 656 724 390 666 342 27 359 879 980 504 53 169 68 505 554 708 686 746 968 940 132 356 124 375 534 819 243 780
921 264 79 893 358 118 917 856 629 736 303 780 605 87 257 70 817 809 698 98 520 660 553 887 576 243 305 947 488 919 27 70 177 647 158 691 689 306 534 753 84 841 702 976 630 314 747 678 425 887
46 137 56 924 541 423 30 575 584 433 406 819 875 78 960 445 541 603 996 895 315 569 70 402 313 279 358 694 910 14 338 693 779 204 835 438 361 23 697 526 652 747 548 256 231 471 360 797 237 130
731 367 801 691 727 151 107 422 999 22 56 354 423 457 636 159 812 549 103 357 53 602 185 407 269 77 411 511 622 781 724 891 116 102 76 317 747 764 337 208 261 599 435 782 84 605 390 38 329 254
660 27 6 65 828 752 78 291 507 736 455 623 157 234 913 553 408 297 606 245 718 137 846 189 533 173 237 743 804 30 379 340 908 446 185 917 168 667 147 433 155 646 286 305 285 387 71 940 89 492
485 966 590 918 268 107 832 324 295 202 410 906 145 668 371 658 120 452 586 266 727 144 935 791 919 350 31 571 9 922 75 633 402 299 270 321 539 350 185 47 308 937 309 678 189 578 229 402 673 720
333 747 727 767 282 790 838 337 536 5 236 960 122 174 803 904 897 761 825 569 84 690 362 186 545 711 956 545 157 20 647 207 189 722 839 216 570 878 39 624 403 285 372 665 833 333 595 369 180 207
768 776 405 105 700 984 152 408 362 261 569 114 238 836 407 713 770 207 513 980 143 542 868 543 628 66 502 851 582 506 762 297 572 433 888 983 526 335 616 61 330 963 331 185 138 10 415 734 789 17
637 3 160 679 360 272 105 510 155 588 760 592 360 666 571 741 441 161 596 2 685 866 1 886 721 781 655 103 623 76 668 586 176 313 952 599 90 155 895 666 342 107 62 205 464 822 543 667 644 475
538 191 258 452 602 211 781 433 898 678 293 479 938 621 279 368 42 513 38 693 761 681 289 534 906 238 945 601 820 932 908 993 725 849 99 630 162 838 804 74 381 754 445 572 84 230 646 357 602 563
617 536 812 32 41 391 738 687 956 456 439 39 655 390 239 324 676 548 773 466 754 572 590 457 290 982 381 314 281 588 372 416 263 674 692 474 210 475 593 797 768 382 780 190 975 464 974 124 715 587
510 932 387 987 16 518 488 665 635 133 700 705 340 532 634 270 396 388 576 62 243 730 894 680 15 957 538 137 581 845 281 133 499 663 851 891 39 293 388 666 432 578 291 295 895 267 873 57 625 633
783 739 852 851 964 592 467 617 458 86 160 147 236 104 517 688 870 815 807 42 609 91 1000 30 962 508 200 825 165 381 278 742 291 928 896 701 245 948 61 629 60 26 843 194 215 568 571 410 336 300
253 185 275 115 304 212 772 650 98 698 484 808 81 863 184 375 668 634 30 807 569 30 828 267 651 198 271 535 647 697 965 942 883 6 703 891 836 985 191 557 315 362 58 614 996 799 657 988 634 400
498 574 130 24 318 275 834 75 103 619 734 219 360 521 343 981 905 152 608 784 701 299 167 461 697 353 883 618 940 293 424 433 494 116 93 838 430 695 310 261 4 856 323 666 255 241 932 370 379 479
