50 1000
574 825 901 39 741 62 744 642 782 960 452 740 687 785 589 175 92 892 969 74 840 328 438 301 195 99 814 547 624 427 433 886 266 488 70 260 898 397 749 310 1000 5 243 786 803 802 42 622 918 16
620 541 210 313 725 815 610 265 787 112 455 810 987 810 856 890 648 62 213 151 890 798 504 69 561 886 305 167 69 905 189 569 324 936 378 726 622 653 794 725 497 734 201 854 396 949 308 707 274 227
312 314 749 780 772 198 827 950 117 292 858 708 612 572 668 336 501 982 927 428 647 355 452 585 499 310 65 545 731 183 181 86 280 951 248 102 815 235 93 6 194 535 740 667 687 419 760 487 959 163
10 681 309 840 104 957 216 84 678 83 983 210 543 684 57 844 736 718 774 439 17 280 245 737 281 817 50 627 29 428 283 473 900 749 656 446 634 639 165 860 927 742 278 729 140 247 694 813 49 24
907 48 93 626 601 504 219 179 961 456 510 264 630 69 297 255 645 770 374 266 878 779 344 512 243 438 414 445 676 845 999 986 556 432 13 607 883 560 360 77 817 167 544 768 916 178 589 514 182 640
862 883 623 580 709 875 458 998 924 658 742 329 846 606 275 373 116 988 351 76 298 947 101 266 958 193 440 605 876 505 497 932 969 292 187 924 674 140 807 190 407 552 537 324 434 721 702 522 798 756
809 145 814 936 712 926 660 895 655 170 978 17 201 658 160 267 719 767 666 175 119 688 957 213 57 643 311 247 760 867 888 211 140 514 865 233 440 152 367 828 53 996 635 862 682 911 729 83 814 320
547 79 748 673 218 460 978 617 273 876 910 963 389 925 44 468 645 946 809 706 794 558 381 103 226 859 545 429 816 729 605 604 600 26 564 350 865 297 911 675 779 283 666 296 194 191 223 731 439 303
69 201 577 80 516 185 21 429 840 617 311 87 136 398 36 682 578 185 582 33 469 660 907 490 866 757 106 395 239 345 946 755 105 186 657 270 350 163 958 473 477 944 469 35 698 378 724 804 570 584
262 583 143 553 115 139 976 774 833 1000 241 693 508 460 650 855 206 333 942 291 427 800 346 844 667 569 456 949 724 652 64 461 348 151 938 638 88 762 618 335 348 327 416 129 584 604 763 358 443 928
617 789 926 745 645 435 591 899 14 371 217 389 536 958 108 38 578 366 431 373 187 364 566 310 193 169 297 464 104 906 516 707 211 148 20 543 489 951 101 823 399 119 125 548 143 54 51 879 58 429
634 446 927 513 636 344 232 130 533 251 229 166 917 418 911 557 881 669 427 349 159 56 528 302 724 478 975 24 269 606 535 768 182 123 810 434 249 561 920 720 334 155 790 184 851 586 418 875 9 8
909 354 572 307 957 252 116 964 614 98 868 599 797 435 335 149 105 819 618 805 142 550 25 2 295 227 546 126 471 675 360 492 405 1 365 850 522 931 272 973 839 598 94 151 71 505 64 507 975 384
361 913 662 24 523 933 421 682 573 818 460 593 594 588 893 813 688 491 577 410 244 723 174 754 775 769 826 143 951 904 247 509 877 864 131 372 718 992 346 475 352 11 802 687 379 838 651 124 649 785
113 443 299 476 536 769 514 905 906 600 823 359 511 878 503 591 714 235 55 263 476 121 368 363 656 524 758 588 290 968 371 705 108 698 275 418 879 23 859 411 898 480 947 181 194 71 821 24 519 467
474 149 702 416 216 937 40 146 41 443 214 647 994 990 191 164 150 793 729 944 975 828 543 645 81 750 621 452 563 249 813 184 306 327 884 947 68 966 103 181 46 62 740 100 131 812 526 309 81 135
168 543 417 47 781 264 603 453 938 474 724 558 401 965 837 9 283 56 265 984 880 842 114 691 630 427 433 183 716 776 176 606 826 330 526 48 431 872 974 840 783 163 628 665 615 263 110 711 261 322
26 978 177 997 882 628 354 967 504 396 758 721 616 523 394 884 737 476 162 966 223 273 462 732 616 944 634 826 48 796 480 221 292 192 715 601 464 118 291 486 221 430 120 205 459 154 956 865 878 286
146 913 104 989 117 370 683 110 255 456 289 173 471 293 218 262 61 331 817 605 421 27 507 745 181 464 613 639 965 277 962 770 706 43 830 360 623 95 561 167 209 144 803 359 293 310 672 457 385 390
41 645 372 930 463 226 490 717 380 133 391 516 552 764 487 48 45 373 896 264 343 216 358 340 51 155 337 660 331 788 76 222 620 57 20 223 596 267 915 545 507 889 160 26 517 233 781 229 200 857
405 26 841 276 599 496 925 832 380 787 959 340 601 585 901 438 81 62 111 666 203 279 526 447 883 739 228 276 23 142 477 624 784 127 81 343 307 49 702 136 675 327 102 355 973 280 866 928 144 787
243 3 199 796 192 707 692 67 33 626 394 638 271 894 791 621 525 502 716 715 711 49 715 524 270 895 412 258 78 971 820 714 116 824 114 363 374 281 967 846 65 805 826 361 465 271 637 382 433 43
247 641 503 261 887 934 931 715 553 312 684 979 80 559 127 863 513 313 821 964 48 553 599 187 42 580 513 70 438 416 304 348 80 111 777 968 114 353 416 604 857 913 953 819 434 302 607 979 832 713
135 81 476 46 472 63 487 643 113 905 806 621 342 773 122 346 865 168 514 386 281 829 376 575 282 616 878 147 129 969 779 384 393 468 581 882 567 445 524 545 54 82 313 867 176 592 954 726 226 23
723 939 459 322 905 654 721 782 966 570 864 284 325 153 207 457 73 337 600 402 214 883 428 93 819 892 953 123 795 406 842 146 607 65 641 455 201 395 811 304 144 647 752 656 707 457 373 315 619 519
624 417 617 732 231 440 305 798 398 81 634 783 323 373 763 560 904 497 932 745 284 564 486 526 966 705 72 532 783 280 479 673 994 822 897 984 987 669 806 548 130 359 675 388 331 788 748 77 227 531
286 133 720 460 574 403 589 452 9 189 161 98 729 793 779 126 305 21 292 273 38 354 113 616 761 354 836 666 93 698 254 537 185 899 131 717 907 659 593 571 850 56 654 757 534 620 910 948 910 60
438 280 997 299 664 176 602 364 451 20 354 749 822 695 236 38 849 499 449 664 567 853 94 234 476 431 712 239 903 796 91 572 13 222 543 565 66 331 487 639 828 822 535 48 614 146 737 67 173 497
292 695 259 747 947 415 469 714 357 812 787 618 653 767 932 38 440 355 324 710 999 942 675 180 120 288 474 29 837 733 197 797 169 573 352 715 690 178 655 452 392 929 894 435 648 265 633 6 309 129
409 347 260 918 884 378 258 690 719 276 532 848 683 985 898 404 226 832 586 992 124 191 829 80 746 42 296 679 102 952 864 187 941 529 586 267 219 923 551 760 993 572 377 433 604 618 629 889 245 318
661 796 321 703 672 935 685 851 248 236 592 848 479 501 181 273 519 544 483 980 525 112 419 288 993 460 661 412 13 713 862 386 263 643 490 194 869 968 827 507 724 749 780 748 269 194 580 1 709 985
402 177 527 381 465 476 408 428 640 898 638 510 825 527 918 456 43 514 209 833 999 524 50 438 644 574 318 848 111 436 897 419 882 318 361 314 879 76 417 22 354 105 116 446 441 545 940 256 688 124
854 861 421 412 468 506 333 483 671 762 153 630 574 610 569 766 655 205 746 997 785 61 47 997 708 11 482 732 302 614 237 116 994 639 474 631 599 997 875 207 346 324 806 155 497 873 73 438 718 600
838 2 347 590 691 698 192 619 313 957 607 351 286 406 16 205 337 807 526 333 914 190 757 931 59 488 998 772 975 650 72 249 398 527 309 37 626 660 758 696 361 783 372 334 351 381 148 602 183 850
934 251 773 835 219 841 379 856 920 904 191 446 371 267 390 193 441 29 679 190 65 296 590 742 657 704 691 678 979 169 238 188 763 901 730 956 920 627 627 320 524 57 125 318 210 114 587 59 291 578
392 941 917 318 837 454 761 312 184 581 735 496 701 567 320 631 540 739 40 461 870 866 310 642 301 757 505 217 360 409 720 217 311 685 294 357 737 548 217 179 936 958 446 746 110 913 562 572 710 453
679 275 633 964 753 672 483 200 476 166 961 447 612 557 634 994 512 947 927 963 492 517 952 596 322 651 741 389 477 577 29 133 473 705 695 890 314 6 923 211 487 660 211 762 211 43 139 335 632 587
778 576 400 825 484 5 801 527 54 591 44 1 894 841 187 852 268 230 468 273 744 594 199 751 377 293 576 183 303 114 696 465 295 445 511 91 784 91 622 66 46 988 484 545 131 67 823 174 189 94
549 988 696 504 630 771 56 348 127 436 58 789 982 912 416 272 517 233 600 659 621 984 881 559 249 716 33 64 531 556 373 85 903 940 965 195 778 492 947 84 86 303 489 109 205 662 132 405 119 820
664 600 339 909 553 740 190 39 588 43 322 915 584 815 382 605 84 885 142 158 926 607 575 235 357 717 497 670 420 478 41 810 628 384 858 69 597 31 528 550 104 634 769 101 635 761 687 994 10 547
510 269 830 548 567 508 685 171 511 908 935 17 687 855 640 589 816 868 110 685 290 204 849 95 738 575 81 950 686 239 105 296 710 885 663 428 969 48 916 89 9 668 510 185 756 614 775 668 472 22
298 577 554 333 730 215 642 910 55 474 943 441 614 106 155 514 923 325 426 320 150 660 757 426 783 106 317 4 351 9 766 767 461 399 210 30 825 118 134 708 944 946 981 68 21 659 519 632 64 922
558 891 894 871 893 626 621 673 190 92 34 855 86 443 897 388 478 915 224 360 497 175 209 592 701 211 490 104 992 251 418 143 152 226 234 208 495 24 309 865 970 635 710 476 204 742 733 75 3 15
453 640 655 281 397 74 66 42 137 484 177 839 844 704 614 332 700 777 734 360 322 38 534 500 29 722 501 980 538 872 877 974 130 323 876 936 240 940 170 182 325 549 918 161 906 314 193 227 617 31
926 662 673 652 13 492 956 358 187 737 414 271 120 893 980 517 516 510 951 80 398 971 316 277 499 523 713 608 888 195 798 438 660 454 845 448 68 63 111 20 820 170 797 749 679 920 144 90 796 961
357 492 741 540 768 209 860 314 988 438 229 697 173 98 626 948 2 61 871 368 162 183 275 97 610 117 127 938 704 526 446 604 127 499 137 790 7 141 206 522 160 81 924 232 259 438 182 620 29 904
737 267 497 284 844 651 329 875 283 768 833 900 336 946 240 394 615 684 139 733 572 248 328 668 635 573 316 376 259 883 137 19 936 853 760 143 555 997 374 884 945 349 782 697 373 65 844 20 994 523
881 132 529 678 600 315 636 4 691 202 5 787 531 612 509 850 314 964 965 185 431 163 370 974 677 801 33 684 712 237 743 702 349 511 107 522 197 643 227 280 454 472 720 881 358 438 207 77 221 327
116 508 965 420 45 430 153 920 280 911 431 273 922 506 387 154 901 846 442 934 846 78 968 848 392 337 590 630 424 266 83 235 382 43 974 467 436 434 613 1 886 622 734 605 279 810 735 329 684 727
707 282 734 385 52 4 194 640 784 142 29 278 466 453 654 448 53 197 620 566 111 505 664 148 784 131 377 43 509 544 922 10 5 539 42 325 976 369 504 80 415 60 777 501 884 361 936 849 735 501
