50 2500
1591 1542 1784 570 1773 1755 823 2464 1782 984 671 1155 732 616 627 727 860 918 1491 2430 1457 942 1636 1651 1112 85 983 118 1290 1536 832 946 1454 1221 1499 279 2059 791 1304 1260 2478 223 512 89 1580 1396 923 470 478 2046
1412 1219 2331 1970 654 297 1975 1451 2369 2366 383 1646 162 576 1504 1984 1806 446 1905 2396 1586 318 505 1014 2236 2411 328 2454 161 207 195 979 2082 2143 1323 855 792 1276 2339 1912 1053 2451 578 1387 484 276 1690 546 373 1644
2436 690 1805 656 920 2261 2172 5 371 713 174 935 1033 591 1435 1723 1049 1477 1877 1239 641 2113 166 915 2108 124 53 222 343 216 2163 740 687 2111 277 1359 766 181 839 2443 116 1124 2115 1851 716 2209 138 1015 1370 1338
203 837 1815 292 1635 1249 299 2371 236 1669 685 1406 600 1776 57 1299 164 784 1936 924 1164 712 511 2422 1702 2336 1884 930 1874 1234 1436 452 1867 595 392 514 1974 1444 1549 1423 2460 1621 1320 1993 263 696 1749 315 1178 1379
1047 947 1500 34 361 661 1997 997 1157 1099 2248 1048 1743 347 2086 827 363 1071 460 260 1337 1143 1854 479 310 1341 1098 535 273 2062 836 904 2160 1119 362 634 1238 1719 1309 2118 2001 955 2035 2326 1767 399 590 1263 530 1938
936 1133 171 968 2091 295 145 1562 2474 266 739 156 320 1789 1673 2203 2241 926 1156 75 1466 1875 1393 2154 693 1464 324 1465 646 1218 390 1068 1041 2149 642 1889 1040 959 842 1065 1846 824 1777 67 2387 653 419 886 293 1809
1496 2220 1731 167 2401 998 1070 2012 1825 2155 2136 329 2381 2477 639 475 829 977 134 521 528 1422 1535 81 1925 780 828 892 684 1709 1914 742 2483 435 797 1202 1091 2488 787 711 1479 130 1962 36 1671 1223 2480 1727 1247 1548
407 706 719 605 1744 2129 1478 1452 257 1108 1291 17 147 613 106 2318 64 672 1012 2291 2233 2383 1154 853 1944 355 1799 2439 11 1197 305 1482 2459 2415 2283 817 1150 1177 1761 227 883 582 2355 1282 95 506 2463 726 2222 2100
1349 1856 1766 387 291 2169 1807 1575 888 219 1028 2374 1302 2413 885 1505 785 1494 1398 557 490 1324 2230 1950 100 1330 1275 880 1158 1506 718 1399 2274 1569 290 1801 2194 2332 132 863 1882 2066 1503 339 2073 2321 226 466 751 621
1010 618 734 155 1472 1046 1411 2360 485 251 1609 1653 640 731 814 1230 176 169 1652 1391 1222 372 1353 854 1791 1083 1661 507 1235 345 1615 527 1331 1347 558 795 1787 745 1110 1318 112 424 2246 2301 1539 1663 348 1376 1246 1439
2268 2099 1097 10 2350 230 487 523 1125 2327 550 2305 2497 2223 463 593 2254 1415 1089 314 353 486 1982 782 697 992 1960 288 504 496 500 1453 83 313 2193 1998 1703 1628 1132 311 2255 703 1919 601 705 806 1050 518 889 702
581 1458 1322 798 598 2170 2125 1069 168 2417 2495 278 403 1224 1092 1277 231 1890 2414 210 788 1011 1128 32 212 1394 2152 1273 1943 1546 287 1823 1522 1675 2364 354 1838 675 2024 26 189 389 1529 1828 1317 2489 1680 1303 493 1688
917 49 1521 1616 296 1140 359 676 1057 2328 864 769 2029 2067 282 2500 1915 1770 548 303 1713 2127 2013 2429 2293 369 1973 1733 858 612 480 981 1742 844 1170 280 144 2296 1362 1760 125 1693 811 2455 1217 469 1018 714 1658 2491
931 1683 1067 682 2251 1708 1650 1649 1054 2485 2212 1577 27 2156 239 722 2120 1242 789 763 1735 121 1446 142 2388 1094 79 461 1459 1618 940 2000 394 1959 428 775 1900 709 1159 1656 1161 615 492 1481 170 224 2128 1206 893 2134
565 1421 967 1463 1927 2266 2101 107 1964 2403 592 415 364 2353 1366 753 1090 199 847 896 1101 172 2362 1551 186 1468 384 1525 96 2232 1199 2119 1606 2181 1637 1728 1114 534 13 750 652 691 1980 911 610 2159 1519 51 1524 1278
658 2289 2177 1410 1231 1886 1538 662 1115 1687 1871 2340 553 1289 1194 482 632 1541 201 1717 963 1426 1326 1888 302 1600 1395 1052 1272 2151 1113 137 1567 1296 2442 1985 1835 24 503 1 764 1003 1778 871 2002 1262 2037 2391 1553 907
1700 958 2462 1864 1718 1216 861 877 1721 1734 2468 135 635 2399 2307 1085 1639 1814 1707 396 902 1064 2319 1679 2033 323 1356 1109 1956 1460 614 1428 2492 1495 72 31 366 1732 2028 417 2022 1073 1077 1160 2433 2300 42 2007 1392 1597
1432 2208 1694 2365 1386 275 2379 128 976 724 1487 1207 897 2290 55 2408 2253 1678 525 2389 454 756 1979 2020 105 1002 522 398 1641 1664 1196 1127 2276 2072 741 995 878 1137 1300 2437 1009 1182 1715 819 999 380 2263 1226 737 728
342 1175 2031 250 283 873 743 1490 6 790 2004 451 1972 1261 1812 2165 1141 178 1105 954 402 2314 2452 1695 337 22 131 786 2392 1259 340 872 408 1545 2117 2070 1027 1605 1336 1738 1526 1781 1840 1939 1100 2017 16 1174 509 429
213 1233 409 587 1515 903 970 773 1860 816 247 1917 448 1501 1592 1572 848 638 141 1705 232 2141 707 1999 1017 1907 1987 237 1461 2342 46 1469 185 1319 961 1039 1793 1228 1563 1928 332 2008 988 524 2341 1946 1131 188 623 2089
776 208 575 994 1420 1173 1245 1555 1902 2175 60 1126 1797 2026 643 494 2132 2189 2210 1603 821 2061 441 2057 1716 440 175 1668 647 1301 1424 1357 357 2237 1434 566 663 738 1333 1076 541 1252 1313 973 1670 1849 1021 244 692 1442
1474 2 2423 668 122 1831 1123 1858 1342 1297 1748 2114 868 554 2011 2271 109 1314 747 805 136 960 852 815 2370 2003 45 1714 720 2124 1941 2450 762 453 952 2147 1293 1390 1102 37 882 2218 61 497 365 1236 2135 834 381 336
1842 664 1005 2224 281 2344 2107 90 2071 1795 214 801 1037 1408 458 2458 1523 2144 666 385 1560 221 1265 1214 483 1824 604 1561 2240 2138 29 1042 1138 1492 1308 611 1372 2445 1595 1237 2264 2306 119 1059 1365 1062 388 1190 908 2384
1187 102 2438 1208 845 937 1084 1544 2206 1484 150 975 2250 1632 2162 802 1873 498 2227 580 2311 1427 529 2080 1051 2103 56 1559 774 859 547 2229 2380 1986 88 1270 1058 1467 2217 1757 919 1764 1414 1013 395 1335 921 555 114 1035
2347 1594 2078 799 462 912 1043 1280 41 1626 2471 1180 82 1186 1079 229 23 308 606 1248 2085 1772 957 1736 1363 2019 2346 1443 2184 1608 2166 1377 1587 730 850 637 1866 607 1210 202 2090 2097 300 1516 1074 1894 1689 2424 93 151
360 1497 1841 2164 1279 1367 2190 1269 200 400 2178 1267 1891 552 980 2211 1610 1355 1931 2337 1371 25 1312 1660 1897 1055 2295 2023 1833 77 1852 97 733 752 12 1887 1209 1285 2373 2284 1066 1473 2207 319 391 1911 1730 826 531 1909
1771 502 2486 8 1983 1254 551 2122 427 1746 2032 1990 865 1633 630 468 2269 1676 561 1813 1483 857 1674 2148 1016 1352 810 938 2481 2016 2308 987 84 197 261 1803 499 1957 2205 622 1360 2402 1820 2386 1229 1710 2106 2352 2197 256
108 723 969 39 94 423 2021 1072 2126 2243 625 881 1685 996 962 1750 1811 679 1176 874 913 1954 2426 1712 2412 772 1769 1810 481 1257 2027 1585 2348 159 1227 309 1511 633 1945 298 2329 2324 4 374 1195 1798 1942 771 1780 259
2303 501 1455 1822 1471 1971 2277 1826 2279 2259 271 2219 573 406 2187 344 1940 584 143 1848 1604 87 1994 1816 2449 173 341 2330 2158 812 800 215 1543 2088 2280 2065 1827 597 2063 602 549 2467 1513 2244 1530 154 190 2441 1590 1527
265 1385 1486 412 1759 758 2048 2421 103 1203 268 1147 1001 1198 1740 1648 2025 351 1558 235 179 1514 1672 1220 2153 104 542 183 2466 1853 515 1763 1179 990 2200 2372 68 1922 74 327 1861 1880 1441 2287 91 1643 1576 7 1165 2262
405 1786 194 245 1201 2275 914 1416 749 2056 488 2216 317 1756 1774 2461 1991 1038 1288 729 1088 1488 1554 2309 1189 991 249 2472 841 677 62 2239 2058 2087 1183 1623 636 1929 2343 1117 910 1920 925 1029 1883 1056 2034 2044 474 1030
2180 2382 543 1060 2304 1447 2076 2052 2234 2385 1582 950 603 2010 599 1086 86 1509 457 516 2320 544 665 1540 1149 393 325 127 2334 1571 1528 2084 1876 1107 1602 971 252 15 439 2047 1192 1153 442 2112 2273 1498 30 943 1785 1315
316 1901 1645 1857 1096 2069 644 217 767 301 1374 2407 1947 746 1932 1354 358 153 2359 2139 110 1726 1200 2409 444 2051 464 660 433 2235 2098 1557 2410 1800 1325 269 1361 1400 2405 2036 2185 1692 50 1292 568 2258 2145 569 1955 1751
1111 1063 717 2456 2432 2473 1139 571 1872 1388 695 840 160 2457 1753 1910 856 113 1847 101 1844 2444 1711 562 133 1036 1274 1032 1169 1130 1881 2406 115 38 2282 1783 47 1417 2476 1213 1607 377 19 148 1034 1906 1598 736 495 667
1634 2367 1328 2394 476 949 1264 1741 352 1384 2040 40 1405 238 1573 1579 1904 1697 655 356 28 2333 2157 1969 1821 1868 2302 1704 1232 1256 117 1808 368 1638 1122 681 510 2146 574 1118 1599 1765 1655 1307 129 2174 1832 264 540 1215
715 1518 2299 2242 1613 986 813 945 916 2121 536 927 1583 1470 198 890 899 2214 901 1830 1407 20 306 1401 255 1796 2312 862 2123 1082 333 1896 577 1075 152 564 1225 939 211 436 123 14 2137 370 2470 1251 560 2183 2167 2419
1667 2484 1448 243 508 335 678 1819 1244 559 78 710 875 2325 956 2256 807 1958 659 755 1146 2173 1935 2055 1977 1995 1834 2435 517 1878 1305 1345 1346 2482 1095 1104 2448 2079 204 1163 1380 146 1589 804 1953 1724 1729 1870 851 754
1283 1148 1601 1281 1450 1981 2397 2310 2357 1369 1948 2130 192 2494 1837 2075 589 2479 2247 944 1031 2358 2186 1574 1389 1284 680 1568 455 699 1375 1937 2447 2041 2095 1534 2133 609 1968 1000 445 1025 330 491 1666 1019 54 2192 891 2096
1588 2420 187 1965 1327 1737 1918 1581 404 1205 1629 242 163 1204 596 2092 1843 1547 894 1988 1211 284 413 2116 2361 2378 420 572 1212 1517 1023 346 1188 1418 1899 1431 2094 322 1916 2150 1698 1620 620 43 240 835 1397 2338 1775 2054
941 588 2176 228 779 768 1502 379 1684 2465 933 1923 2395 1373 58 233 1024 1657 465 1934 1996 2081 1908 456 513 866 965 1989 270 760 2238 447 1565 2199 2228 65 2469 2074 1185 2245 1619 2109 459 1151 1794 2049 2323 1044 777 794
1804 2377 1612 209 879 472 948 1381 182 2045 1725 1647 2191 1865 1566 2204 809 2201 218 1081 477 2131 120 1295 1681 1172 367 1080 2368 778 1316 1334 608 375 450 1624 414 725 1556 1445 830 922 1489 1686 2179 1266 307 1243 2015 338
1253 1850 876 2490 2376 670 1584 1903 843 206 1510 519 432 2105 594 526 21 1480 1640 1507 1625 1552 1340 2278 234 76 99 467 1350 1533 489 1255 177 645 126 1696 631 191 225 1116 1440 649 2400 1134 1078 1181 2140 1788 449 471
1348 1512 2039 1893 1879 2168 401 972 1863 285 1829 1135 1462 2267 1306 539 689 421 2213 2102 820 1294 905 1332 321 2453 1310 2215 2418 2042 1142 2260 909 386 628 585 744 2281 2225 2014 1677 158 1061 2171 1045 770 869 884 431 63
2257 982 2427 974 2231 735 781 349 964 1321 1167 331 165 1722 895 838 583 2083 1691 2053 849 71 2345 411 1026 586 248 1240 437 434 1754 1343 1898 2404 966 1961 410 2390 289 556 205 686 721 617 2375 253 545 1020 1493 1241
2416 1593 993 1762 258 1004 2006 683 989 533 2446 1859 1430 1419 951 426 867 294 1578 382 1913 1144 1630 430 9 1438 1250 1531 1930 2038 2354 757 1193 1818 985 2499 2487 759 624 272 694 1007 563 808 2005 2195 473 1311 1992 80
1475 418 934 2493 520 1383 1520 2335 2363 1779 1485 708 1409 2104 2398 1532 2226 326 149 537 1171 2252 2161 2196 2292 629 241 1184 1403 1008 48 286 1570 1476 1978 1449 1611 1145 1168 1329 765 2294 1564 1699 69 422 822 783 1845 18
1404 438 1967 2288 1433 2393 2188 2498 2249 1378 704 2009 1951 1268 1745 2322 2297 1966 1614 2221 1368 2060 1339 1121 140 906 1617 2202 2428 803 673 246 1952 1136 538 2198 1129 1963 1596 1790 2077 1344 1706 2431 2313 1924 1087 1286 2270 139
978 761 898 928 1758 2272 2110 267 825 33 1006 425 2018 1949 831 2298 1895 1537 532 929 1739 2475 1413 1456 1258 870 793 2050 2434 1152 73 2064 1508 1768 1921 1022 443 1162 1103 1631 378 1701 304 698 416 1885 1191 1550 35 2068
748 1166 650 701 2425 111 196 1869 1120 2043 376 2315 92 1287 669 2093 1892 2265 254 2316 184 567 1298 1926 59 2317 1425 1402 1836 1642 1752 1106 1271 2182 2285 1627 1720 846 648 1747 1429 619 180 44 1351 818 1659 334 66 1817
579 796 193 2030 657 2351 397 1862 674 1933 220 70 1802 1358 887 1976 833 1792 700 274 1437 1382 900 157 262 626 1855 2440 2356 1839 1665 2142 350 312 2496 1662 1622 688 932 98 2286 3 1682 1364 1093 953 2349 651 52 1654
