50 50
4 30 7 8 2 23 9 40 2 40 25 1 5 3 40 18 30 27 36 36 44 44 5 44 43 49 31 39 3 38 3 2 9 47 35 45 33 27 30 38 32 45 3 41 11 38 17 25 25 35
45 46 15 36 32 13 18 7 39 48 12 5 8 49 36 47 10 25 3 47 30 7 35 15 28 19 18 28 42 28 32 29 36 43 33 3 43 22 12 42 20 23 15 48 38 39 8 8 14 32
9 19 12 47 10 38 44 45 34 33 33 36 16 45 11 40 49 36 19 49 8 32 4 14 24 20 44 46 27 47 15 18 21 20 6 9 32 32 31 19 3 9 20 24 46 6 21 1 21 2
31 22 32 3 20 25 25 29 39 28 34 34 4 45 4 33 47 4 11 24 2 35 4 15 22 10 13 46 43 4 18 29 1 40 37 46 29 27 46 40 50 25 30 35 44 41 13 1 48 37
13 12 26 32 22 49 44 29 18 17 17 16 40 38 23 12 34 39 43 16 23 34 43 21 36 44 32 29 2 41 11 8 5 50 45 46 27 20 9 36 14 11 21 49 16 42 36 41 28 8
14 35 14 9 38 33 32 41 23 1 14 33 26 36 33 42 43 38 34 33 41 46 37 6 16 35 18 2 1 47 42 9 18 38 31 14 49 13 26 34 17 50 5 48 26 28 2 12 9 14
44 25 44 39 22 17 24 13 41 37 24 19 47 34 20 18 47 24 14 15 42 42 4 18 21 23 2 40 22 15 37 6 39 10 29 7 27 44 11 43 15 18 2 14 40 44 45 30 28 26
27 28 4 37 34 3 24 23 50 47 4 43 25 46 12 19 41 32 41 7 20 5 24 35 40 31 16 39 33 15 11 11 17 47 49 47 41 19 28 33 20 4 38 3 10 48 25 2 22 45
22 28 16 44 6 13 12 42 48 29 10 31 23 50 44 36 2 24 22 14 3 6 31 14 7 8 17 4 24 31 33 2 7 17 7 2 25 5 37 25 1 12 44 34 16 23 15 18 50 44
1 9 29 42 12 41 30 29 26 34 30 8 18 15 33 38 41 23 43 26 33 30 16 44 4 17 47 19 47 2 38 46 28 29 8 50 2 15 14 15 3 39 25 29 23 33 23 26 25 22
46 17 12 37 17 27 17 42 9 4 36 45 45 50 16 4 28 7 15 9 10 16 9 10 26 39 40 47 48 9 33 23 10 48 42 35 31 24 31 31 14 4 3 5 43 8 24 26 5 22
25 35 31 35 22 13 47 20 25 15 47 1 16 34 5 8 37 15 20 43 47 11 34 7 30 9 21 38 10 15 15 44 7 25 44 32 31 36 2 47 46 36 25 21 16 21 11 20 35 15
27 20 45 1 31 26 25 40 24 34 44 43 36 15 10 17 2 39 45 4 47 29 38 43 5 22 23 25 12 9 43 46 4 45 17 24 5 34 26 22 29 17 33 13 2 24 37 40 6 7
32 48 15 33 40 27 14 50 32 26 5 34 18 50 16 40 20 39 33 14 27 10 28 15 15 10 22 14 28 3 17 41 4 48 26 24 3 49 16 10 14 14 28 29 20 2 16 6 18 7
50 27 18 17 38 27 8 40 32 26 41 17 38 19 49 1 9 2 19 23 32 18 25 38 12 9 7 5 35 37 36 39 20 42 24 23 31 6 23 50 47 47 13 48 39 10 6 26 40 8
18 35 16 12 11 10 10 19 38 46 12 21 32 4 50 36 2 47 50 47 45 39 20 8 11 27 21 20 37 14 39 3 47 46 3 27 27 14 28 24 20 28 38 14 4 44 17 11 11 42
12 40 22 40 9 21 39 5 20 38 34 23 40 36 9 16 16 13 45 45 45 25 24 49 18 36 29 27 1 32 31 6 22 18 12 1 7 31 13 14 25 4 31 47 14 48 34 23 11 41
17 9 48 15 36 47 25 46 30 23 43 14 46 10 37 9 12 34 21 39 4 13 14 33 6 46 13 25 18 41 3 6 42 4 31 21 40 15 2 48 31 14 43 2 29 43 47 18 20 15
19 6 43 9 48 12 15 49 34 28 32 25 8 32 19 15 18 27 9 22 16 10 30 17 29 41 48 30 45 44 37 1 29 23 38 43 24 5 41 6 38 42 9 4 8 11 20 38 17 45
2 39 6 24 26 6 42 39 28 15 15 17 20 40 45 4 22 19 39 16 22 29 27 18 41 17 6 44 47 21 28 47 15 35 40 28 1 39 22 17 8 9 10 26 42 16 45 4 48 25
19 28 36 17 11 41 23 34 47 23 47 18 27 8 31 44 1 19 6 31 40 6 40 19 11 28 20 26 21 12 20 21 14 2 1 28 6 9 30 34 4 12 26 34 30 22 30 17 41 23
17 38 38 35 7 23 3 47 23 34 45 15 10 12 29 20 16 40 27 29 8 50 20 17 12 21 15 4 38 17 33 14 16 45 16 7 37 32 2 29 2 20 30 26 33 24 7 31 44 4
21 40 11 2 42 6 14 11 20 23 9 50 49 38 28 32 22 19 4 21 31 26 26 5 13 5 42 31 26 14 33 20 27 27 12 7 3 19 45 7 12 34 11 29 16 23 7 43 4 21
43 6 15 48 4 11 22 35 27 32 6 1 4 32 48 49 46 28 26 21 35 7 24 34 30 27 48 17 30 44 38 30 33 22 19 20 30 10 26 21 9 30 34 19 43 45 44 8 19 35
42 20 36 41 16 4 14 26 49 46 10 39 43 5 31 38 39 2 31 1 26 28 47 42 27 32 32 27 19 43 40 17 41 42 45 32 5 40 13 31 30 49 41 5 3 2 13 8 23 48
47 16 20 27 31 44 2 15 30 14 43 43 25 9 18 39 17 30 11 19 1 45 21 46 25 45 5 43 43 37 42 7 2 29 1 16 23 23 41 35 44 50 33 13 24 21 1 15 30 17
26 48 23 16 38 23 36 31 45 35 21 20 47 35 1 26 47 20 12 22 39 37 48 24 41 46 13 10 47 13 48 30 19 1 5 25 29 45 7 15 25 30 23 27 35 9 33 24 28 8
11 41 50 45 38 18 6 33 24 33 50 35 42 5 30 39 22 13 42 48 7 31 22 37 23 41 21 10 44 17 20 37 24 23 49 48 37 48 46 7 29 28 3 17 48 4 10 20 13 38
30 11 40 9 18 3 48 33 17 48 14 5 25 8 32 19 2 12 43 37 20 4 14 22 18 43 38 42 27 31 50 35 9 36 28 22 44 6 24 23 49 15 6 15 41 18 50 10 46 47
28 21 38 15 49 34 17 49 31 5 31 28 21 37 1 27 39 14 7 33 44 2 18 16 18 45 18 11 28 26 44 43 5 20 30 15 16 35 17 36 21 33 2 37 45 10 1 36 26 10
29 46 33 27 9 42 50 47 26 12 4 19 23 20 33 19 16 10 26 19 26 14 24 13 18 11 7 3 16 20 4 30 34 43 41 29 19 13 47 4 37 34 29 24 6 35 16 16 2 29
27 21 8 44 14 17 29 8 49 7 27 5 25 20 44 16 23 39 24 14 32 8 3 10 2 35 28 14 40 33 40 34 28 44 14 33 29 33 26 13 50 22 24 40 2 15 13 31 5 43
17 10 21 21 8 37 31 20 32 33 18 47 44 9 44 2 25 12 37 47 49 30 13 47 12 14 3 23 29 29 28 37 38 39 38 22 14 11 46 39 15 24 10 26 30 46 19 46 23 12
11 18 3 45 18 13 4 16 34 46 4 44 35 14 20 44 2 21 19 17 42 1 38 41 10 50 12 29 11 21 20 47 37 40 8 27 17 5 17 38 50 18 28 23 33 17 23 26 21 38
36 2 26 49 48 35 1 18 18 19 11 9 17 18 39 33 46 50 29 18 11 9 5 38 7 37 5 5 42 1 47 29 49 19 36 2 16 4 30 50 20 24 24 41 8 35 45 28 14 33
49 44 40 39 4 48 26 35 39 45 10 9 3 31 15 39 27 44 24 38 49 32 22 21 29 4 27 20 48 7 4 28 5 11 27 2 49 34 46 30 45 11 12 32 14 4 45 45 20 14
21 47 36 35 20 35 4 16 45 8 37 36 1 26 16 42 19 38 34 5 9 44 27 15 35 30 2 2 7 45 13 39 47 41 14 47 25 27 31 40 40 47 4 34 6 22 9 16 9 27
46 49 44 24 4 40 4 16 47 26 32 44 15 35 1 26 11 28 41 26 21 19 37 36 16 7 11 30 32 48 42 13 42 14 27 25 2 9 44 4 2 12 33 23 46 23 33 13 26 18
23 34 5 12 6 6 39 21 34 33 27 35 23 15 8 26 37 50 2 11 20 2 43 5 20 47 48 46 48 46 19 13 38 2 1 33 47 14 47 9 25 12 5 47 31 1 40 24 26 18
38 45 9 24 49 11 49 33 7 18 11 29 16 12 36 1 9 39 13 7 47 37 34 16 21 48 22 9 17 19 17 47 27 31 45 46 20 46 34 21 5 46 19 38 36 26 6 10 21 1
34 41 50 25 25 14 5 19 34 24 9 4 40 50 32 4 15 33 50 44 27 26 32 35 40 25 36 45 23 36 45 39 24 5 38 37 20 31 47 4 46 47 49 15 27 42 9 5 49 19
10 31 46 1 5 44 4 49 32 39 17 21 29 3 34 23 29 48 7 28 32 49 28 12 9 28 48 34 37 4 34 30 47 6 5 43 13 7 2 22 14 44 16 8 20 28 11 11 10 22
38 3 31 14 39 32 29 39 19 11 36 34 18 36 47 16 29 1 24 21 17 50 21 48 38 16 33 22 16 25 41 39 11 45 47 4 31 5 16 23 34 15 31 4 16 49 46 17 31 25
10 27 35 13 43 10 15 14 50 37 26 5 36 48 16 3 6 2 3 2 33 9 33 13 12 14 40 26 39 21 13 20 39 47 46 41 28 23 7 41 39 3 45 10 30 41 10 15 18 13
39 43 50 42 26 46 31 1 16 39 2 10 44 41 19 6 39 6 21 9 2 6 49 26 20 8 50 4 47 42 16 25 10 29 13 16 27 47 44 50 5 38 26 12 23 45 34 24 19 37
11 16 25 9 13 34 7 1 36 28 6 19 31 29 13 13 43 43 32 9 48 15 3 35 29 30 46 25 19 32 13 34 12 4 1 47 46 27 19 41 10 7 3 15 32 8 23 47 28 45
38 49 14 27 14 42 41 28 6 13 19 21 27 7 44 47 50 39 42 35 9 10 4 29 11 47 7 22 29 45 32 20 45 4 49 49 41 1 13 43 49 16 2 46 16 27 2 19 21 6
13 37 26 15 19 41 14 18 22 26 26 38 46 37 24 24 18 11 1 1 23 19 33 49 4 38 12 29 24 27 23 39 26 25 20 16 10 9 14 49 40 27 5 41 13 21 13 12 3 10
6 22 48 6 36 31 14 43 22 49 2 14 42 36 46 31 32 5 3 37 37 32 49 27 37 42 47 41 3 35 39 31 32 6 11 4 8 7 5 32 22 50 28 24 33 48 13 12 43 18
8 18 23 42 38 5 17 44 12 50 22 3 28 37 30 29 20 17 23 36 48 9 31 38 8 47 32 50 24 33 34 23 8 38 20 2 24 32 45 49 49 33 31 31 13 14 40 19 43 36
