50 50
18 23 21 50 43 1 50 12 50 39 22 43 39 15 18 8 13 7 44 12 23 48 20 50 6 34 20 27 36 23 5 46 16 41 21 29 42 47 29 39 3 10 35 30 9 14 11 1 32 24
32 5 49 23 36 42 36 35 11 18 23 46 21 43 35 13 18 30 24 29 7 7 1 34 19 29 45 39 34 5 50 33 18 10 15 30 22 27 23 17 28 32 13 28 37 1 16 21 46 6
23 42 9 47 40 47 42 26 11 18 50 40 27 30 30 48 43 34 32 3 35 4 31 20 19 48 9 38 2 12 24 1 25 22 50 12 23 30 10 50 38 6 27 20 35 50 2 17 5 32
19 10 49 15 50 26 37 5 41 5 46 20 31 27 8 8 34 6 45 1 2 15 35 16 16 16 27 39 43 10 15 16 25 46 35 1 36 4 29 24 22 29 13 31 47 45 22 13 29 27
31 2 18 19 8 21 50 16 49 25 31 7 19 10 43 19 28 47 40 18 25 43 47 31 16 25 34 17 15 34 48 27 4 44 8 17 9 14 10 16 16 34 44 4 35 3 23 17 28 3
22 33 26 23 48 8 26 14 40 29 29 28 22 50 8 41 19 13 38 38 7 42 27 16 14 17 1 43 23 46 28 15 16 24 23 19 50 48 42 24 38 18 19 47 25 6 12 19 28 29
38 8 41 23 27 22 18 14 21 38 17 24 23 19 16 41 20 42 26 17 24 2 17 20 10 50 36 29 20 16 37 32 43 6 26 44 19 18 5 18 10 32 12 15 50 25 11 44 8 25
38 22 22 26 39 35 14 13 15 5 9 22 12 4 7 37 32 24 34 20 41 46 40 42 39 5 6 45 50 21 3 32 16 44 45 40 44 3 8 40 16 40 18 7 15 13 45 36 6 9
31 14 49 20 8 22 37 28 46 27 45 44 7 20 49 2 9 35 31 49 11 35 41 3 26 13 9 12 5 48 10 20 13 38 27 12 18 31 3 20 13 44 22 15 40 37 30 33 23 18
46 29 25 26 48 6 29 21 33 15 46 4 17 14 39 1 37 4 48 22 1 41 46 10 44 25 24 41 27 9 12 23 15 25 17 34 17 7 46 31 7 40 8 24 40 14 20 23 40 44
9 2 36 4 20 21 39 25 36 34 21 8 28 45 11 8 39 9 34 45 32 11 4 20 25 11 41 38 31 12 12 13 41 8 22 44 8 31 45 3 50 30 3 35 46 38 19 8 1 14
7 19 20 24 18 39 31 22 24 4 19 36 16 21 36 36 36 29 39 18 13 19 11 36 41 47 42 20 11 19 6 20 4 21 25 22 23 37 30 43 34 34 41 19 5 3 48 9 45 8
19 23 36 7 46 16 13 11 13 4 31 2 12 27 44 30 6 50 44 43 32 25 20 34 33 13 43 47 44 48 37 25 35 24 18 22 41 15 8 38 26 26 4 49 42 46 39 9 17 27
27 21 9 24 36 19 46 33 24 9 39 2 17 39 7 49 35 4 33 18 29 36 20 1 29 36 20 13 40 9 10 11 42 37 33 13 15 18 4 5 10 50 47 18 43 29 40 2 22 3
48 27 38 38 14 32 16 16 12 24 4 28 45 48 22 5 23 42 18 21 44 27 4 32 12 4 16 48 36 45 14 6 4 5 33 13 37 42 11 33 46 24 41 21 48 37 8 5 13 26
19 13 18 32 14 39 18 23 11 23 6 4 13 27 23 6 31 39 10 12 19 21 27 36 34 31 14 16 32 8 48 18 14 44 31 11 24 15 19 48 49 38 38 40 43 12 41 18 25 5
45 28 38 35 33 14 15 48 22 13 22 31 44 18 12 25 38 50 32 36 10 32 3 15 34 35 1 33 45 25 37 48 3 13 46 23 13 25 44 11 43 30 35 22 21 25 46 37 34 28
32 9 4 6 23 43 21 25 39 15 45 11 28 48 8 45 32 1 9 20 23 21 39 19 6 7 8 4 18 49 48 7 10 49 13 25 15 45 2 47 33 2 22 7 15 50 39 8 28 50
35 18 6 11 49 22 37 2 11 22 27 40 25 17 43 30 20 39 49 38 36 46 40 48 27 45 18 29 6 50 14 16 25 32 33 19 23 29 42 13 15 26 16 48 20 4 5 24 17 47
42 37 36 20 3 6 40 6 14 49 18 46 48 43 40 17 19 13 48 3 43 39 41 48 5 23 30 21 32 47 35 38 40 8 11 6 30 22 24 5 5 27 31 42 6 5 46 49 27 34
16 38 9 15 39 21 42 34 32 28 41 5 28 19 28 48 38 36 7 11 20 3 17 48 38 7 50 8 2 43 11 22 24 10 49 5 37 34 6 4 13 25 5 11 15 1 8 30 45 29
30 5 6 21 40 18 41 24 7 17 13 26 31 35 47 34 19 45 17 26 44 48 6 20 38 9 10 10 11 26 46 27 26 46 6 9 2 34 9 40 21 29 43 15 41 25 4 7 45 17
21 18 42 23 16 49 28 17 21 5 18 24 2 35 8 16 16 4 11 31 29 42 20 24 9 5 41 15 19 45 34 43 3 19 30 39 6 1 41 4 30 17 49 43 44 32 36 31 36 35
48 15 30 8 11 34 8 5 19 50 42 21 18 4 35 34 35 31 14 46 12 20 3 3 11 45 47 30 38 46 9 43 34 39 9 27 40 13 44 27 44 29 10 41 37 10 48 39 12 8
45 8 16 8 20 24 40 30 25 27 45 22 8 21 21 42 27 27 7 41 45 40 47 8 32 20 44 35 17 9 46 34 28 37 19 10 31 22 41 22 11 3 37 31 9 25 29 35 7 14
23 23 2 7 8 8 24 50 48 18 22 11 35 4 6 43 13 50 2 42 22 23 48 36 14 10 33 26 22 22 4 38 21 14 20 50 43 24 20 14 13 29 42 11 17 5 1 26 29 1
15 34 21 27 41 49 2 30 33 3 24 44 23 50 40 13 45 5 30 36 11 41 43 36 22 34 37 13 36 39 35 49 22 8 16 42 12 50 11 48 9 39 33 2 10 42 31 10 27 29
23 41 24 15 37 48 18 36 42 19 3 48 15 40 47 30 42 18 7 39 15 26 12 27 12 40 44 42 20 11 38 26 46 24 6 14 39 25 33 37 7 10 37 29 22 34 48 46 48 49
47 16 25 24 18 43 38 21 3 30 11 16 11 9 46 45 35 11 18 23 15 26 26 24 25 34 29 15 16 19 27 12 15 4 9 46 47 6 27 12 28 44 36 22 27 31 17 23 28 3
31 37 38 46 11 38 28 39 46 50 35 33 30 44 10 21 35 3 13 46 7 9 5 39 37 36 4 6 12 37 7 50 11 41 34 25 25 5 41 17 21 46 8 19 29 41 41 5 5 24
1 9 31 15 3 21 11 47 41 1 6 22 29 43 15 25 13 48 38 23 14 34 27 18 45 40 45 20 42 14 40 34 41 23 32 17 36 22 36 33 40 11 1 28 34 38 24 34 43 36
33 37 49 20 31 12 3 40 26 33 23 20 39 41 36 46 15 19 19 16 42 6 39 17 34 29 21 6 37 30 16 48 1 30 27 31 43 10 32 26 5 25 7 10 24 22 16 27 38 2
46 21 26 2 4 10 27 41 21 7 17 41 48 37 6 10 2 3 39 14 8 46 33 15 19 47 32 26 27 50 1 21 20 45 23 48 43 11 42 47 11 38 47 10 3 10 45 14 22 28
26 19 43 2 14 33 4 41 45 45 2 44 47 13 18 10 47 40 20 5 15 27 24 30 13 29 39 17 14 23 20 7 38 36 13 10 13 20 20 23 45 17 15 24 29 30 27 27 48 42
9 16 14 35 43 5 20 44 2 25 30 39 34 32 49 26 28 50 50 31 2 28 25 14 17 38 7 9 30 46 3 33 34 5 21 48 1 7 25 21 30 27 40 23 49 35 46 25 10 9
30 49 32 36 17 26 12 11 34 49 28 9 8 3 37 41 22 7 11 31 45 2 35 40 16 4 5 22 42 43 15 7 4 31 10 18 28 14 46 37 38 28 38 33 41 10 14 24 37 17
36 17 46 4 47 29 16 27 46 29 19 32 19 41 27 11 25 38 1 42 15 12 49 31 42 29 11 22 11 3 14 9 24 7 6 18 31 41 25 45 17 49 9 45 42 20 34 27 41 19
12 23 12 36 43 20 49 9 7 4 22 4 44 1 1 29 1 18 27 26 34 42 16 6 34 14 36 9 5 14 28 12 19 11 49 25 12 48 29 2 23 18 33 16 41 11 44 45 7 28
16 13 39 38 41 18 13 5 12 47 28 18 11 20 34 2 19 18 4 42 41 24 49 20 34 21 24 38 11 23 7 40 41 41 19 48 23 27 15 5 31 10 27 23 7 31 36 9 47 37
50 12 33 16 42 27 50 47 24 39 38 29 29 24 10 2 42 7 41 23 24 32 45 31 39 49 29 4 27 26 49 33 41 22 6 2 4 39 31 43 7 15 16 26 2 21 18 10 8 2
44 11 4 32 25 33 18 27 40 33 27 15 12 47 2 15 20 1 26 41 4 49 41 49 23 26 12 14 38 42 5 22 9 47 28 38 11 41 21 18 18 32 36 44 23 48 33 23 46 4
20 1 50 22 1 11 24 13 37 13 32 44 3 5 14 9 11 22 5 36 48 31 11 9 26 40 42 35 24 42 38 27 44 19 31 24 32 48 46 32 10 8 38 43 30 27 38 27 47 12
9 12 36 30 22 34 15 45 27 34 30 35 45 2 25 31 48 3 4 5 18 13 17 49 14 8 18 15 49 5 2 47 30 16 8 36 17 14 34 37 2 44 5 21 30 16 16 49 40 30
14 26 17 45 43 48 22 43 27 7 28 20 24 47 20 15 12 24 18 29 39 45 3 10 24 14 36 28 15 4 29 7 31 36 6 38 27 46 12 33 11 43 17 24 36 34 32 50 19 8
30 15 32 49 21 35 36 11 28 20 4 1 43 39 47 4 6 33 15 13 44 32 37 47 43 3 17 42 14 18 35 23 39 28 18 13 47 46 23 43 41 17 6 44 38 16 24 36 20 11
1 49 17 38 9 46 46 43 11 3 26 7 23 46 42 34 3 43 49 47 44 43 36 42 17 31 2 43 29 45 45 40 45 35 32 13 10 19 27 18 14 14 31 26 27 21 10 30 3 44
20 27 3 9 24 27 42 8 3 25 23 16 28 23 10 23 9 17 13 43 6 26 45 12 3 6 27 7 36 18 36 43 25 19 44 15 44 43 29 33 27 2 48 31 10 31 22 25 43 3
28 22 8 27 48 13 1 30 13 1 48 18 10 13 22 50 48 25 6 24 28 17 5 1 5 33 15 42 17 6 8 23 42 43 42 20 35 41 9 1 18 13 16 16 25 24 10 33 2 8
43 45 16 20 14 27 38 37 42 16 47 10 13 36 1 41 23 43 36 14 11 16 19 18 25 50 49 20 33 34 35 40 31 9 3 21 4 17 7 43 23 26 36 41 40 43 17 24 42 6
13 28 3 17 31 43 3 14 35 37 31 2 10 23 11 9 38 36 14 44 10 48 5 17 24 38 38 17 6 11 44 24 22 6 8 39 21 30 40 1 36 10 11 21 50 38 25 33 4 33
