50 1000
888 502 33 785 725 302 791 645 790 853 561 87 799 111 584 258 746 982 825 51 634 702 31 316 307 983 133 618 921 437 566 116 931 852 179 268 851 244 704 562 598 764 452 484 154 435 212 354 945 58
83 229 161 302 887 712 877 737 354 118 731 208 779 19 722 31 602 887 368 80 693 837 350 450 425 841 209 862 432 768 614 957 747 610 177 358 468 762 225 107 691 830 676 323 323 401 610 691 424 990
968 997 904 856 788 834 379 892 472 667 496 440 829 43 373 101 77 337 138 151 157 594 403 381 629 451 80 724 302 675 515 870 215 839 150 736 91 552 998 673 442 847 584 749 987 704 518 338 19 700
349 715 868 920 87 295 781 651 288 294 858 405 615 402 1000 259 715 744 911 480 735 810 628 253 275 469 290 616 89 181 957 154 377 913 994 179 761 385 622 408 373 812 362 252 415 782 672 589 299 150
420 469 505 477 146 202 591 538 760 447 786 163 311 8 906 862 996 613 272 494 621 622 772 1 378 253 767 438 50 312 1 892 255 357 16 29 447 489 903 881 8 809 822 951 391 978 356 990 348 363
117 954 102 456 273 379 143 234 308 743 299 17 259 215 50 827 681 846 632 230 470 766 182 2 729 301 918 571 466 269 296 794 487 506 508 682 560 460 595 152 377 68 39 891 484 418 523 843 104 325
536 223 386 77 550 414 854 26 787 503 738 479 947 652 367 224 412 993 413 457 980 787 130 65 73 235 639 739 677 697 503 253 405 254 197 833 380 954 889 449 264 283 310 271 873 943 619 99 665 105
868 709 341 591 948 570 542 388 761 940 668 569 901 154 392 159 52 695 52 80 87 286 906 67 107 931 110 445 310 188 648 181 329 902 754 600 851 452 506 619 599 922 36 1000 51 497 600 719 3 51
155 445 99 661 149 794 14 805 422 540 773 616 605 289 695 182 231 146 801 546 544 964 771 153 410 984 847 444 583 537 238 161 180 501 729 787 196 485 777 729 205 31 683 148 724 643 92 194 120 746
20 648 85 490 178 525 760 870 356 305 746 634 585 644 851 884 438 835 124 631 537 773 248 569 341 300 120 108 610 70 474 914 424 19 805 161 688 161 836 878 679 468 972 206 72 433 924 527 53 473
800 341 618 675 298 784 734 34 342 915 838 94 23 679 592 462 459 70 185 763 257 180 795 607 322 504 279 308 507 264 867 706 669 818 576 496 375 63 450 348 945 625 333 973 69 206 808 861 732 85
209 661 211 956 229 808 376 828 282 841 148 340 955 153 831 411 287 128 539 578 430 29 886 141 465 320 455 929 757 293 108 937 51 595 446 787 760 714 994 287 444 444 204 576 585 746 506 235 938 903
218 372 861 713 577 136 695 795 441 397 570 184 278 302 221 907 638 243 192 2 19 133 211 304 566 38 130 33 145 775 583 120 824 99 156 61 221 585 35 978 848 567 124 572 759 913 602 151 111 521
170 418 399 105 169 538 262 364 729 507 353 298 72 208 986 650 590 987 351 250 992 977 926 209 222 533 339 550 909 780 46 290 513 792 308 944 747 230 696 876 923 931 85 305 315 323 474 197 207 906
107 503 652 819 193 129 788 173 365 288 323 542 166 912 786 536 564 373 718 872 832 76 795 525 842 199 210 877 230 184 36 723 197 397 474 749 59 729 3 450 770 700 65 409 731 184 32 836 468 900
220 971 722 726 918 37 140 769 962 690 9 319 792 908 824 239 637 139 778 151 390 79 214 885 961 704 65 463 24 994 399 387 466 429 387 624 623 544 622 115 719 181 255 166 320 200 480 258 867 9
297 406 90 497 612 640 552 873 164 47 284 429 842 371 500 600 333 613 610 81 213 680 477 539 301 385 519 851 411 754 982 162 725 25 250 802 25 808 722 798 8 734 555 850 49 931 285 425 838 264
644 597 149 269 832 984 253 92 585 458 939 226 340 988 592 62 898 344 984 826 147 356 658 271 326 851 943 645 315 835 345 527 880 86 401 277 476 80 637 995 867 559 468 119 295 817 191 8 63 343
127 41 639 870 885 797 3 438 273 37 433 692 442 93 986 754 742 908 413 422 944 706 977 648 404 116 260 597 767 658 708 265 783 282 529 209 52 374 414 511 339 16 234 238 717 437 487 708 384 255
102 616 882 181 93 241 573 701 135 238 499 194 398 780 543 905 895 378 181 252 610 32 152 65 924 438 855 989 251 681 370 954 917 272 775 336 653 245 795 808 924 742 975 371 960 755 401 273 651 691
556 829 947 407 229 509 857 128 650 448 664 116 489 168 452 595 771 495 637 207 844 838 431 834 695 409 918 651 178 238 771 24 515 452 398 703 406 344 542 103 748 994 85 857 585 446 633 396 794 903
592 806 489 726 843 22 303 48 589 846 301 885 849 607 199 444 678 860 46 381 920 432 888 111 491 796 501 439 966 345 657 826 498 507 649 9 342 798 316 356 113 418 488 386 794 514 365 691 127 563
570 368 393 888 98 427 544 658 314 664 56 292 971 77 184 476 374 710 594 222 409 1000 148 498 564 472 978 358 912 900 534 95 613 422 958 896 526 874 15 613 196 125 267 186 811 364 765 60 885 815
93 401 425 274 692 379 600 851 101 807 76 259 582 452 437 971 379 543 329 680 381 460 30 456 827 358 887 820 101 167 42 912 41 300 482 581 77 552 230 112 167 521 93 420 540 495 276 586 291 456
493 569 749 200 437 808 492 806 107 951 517 114 560 734 123 91 791 973 34 901 235 755 876 751 471 99 347 650 518 48 932 318 72 329 284 135 421 479 762 380 649 123 185 528 428 252 952 241 525 262
239 478 18 175 424 822 271 132 872 11 472 168 569 454 941 220 261 132 73 945 897 141 494 866 883 909 658 983 42 444 214 717 865 560 520 313 127 514 623 795 214 686 198 143 373 332 432 582 100 683
734 51 20 805 343 258 721 62 125 139 638 278 784 684 723 566 257 308 100 383 741 452 657 189 44 552 758 659 789 875 550 737 968 825 953 168 455 941 767 661 26 691 543 604 765 264 825 500 384 525
301 984 52 947 838 982 77 56 758 936 328 679 86 257 162 574 314 457 122 401 808 865 844 691 563 914 795 797 552 199 426 527 436 275 48 84 800 861 390 570 978 952 997 478 817 503 369 790 653 421
708 288 672 347 288 337 301 947 645 47 924 745 491 127 590 82 909 387 27 492 298 955 414 973 881 460 10 911 120 855 900 48 137 56 212 920 554 694 457 268 703 202 959 456 150 977 552 290 615 172
308 289 894 423 726 459 343 878 958 822 708 26 260 262 430 179 15 509 446 640 298 401 654 35 87 88 809 400 20 390 707 83 167 703 14 456 910 304 227 590 279 215 161 701 609 307 501 799 910 14
471 291 277 686 180 764 920 331 621 248 407 268 883 828 943 634 854 213 10 478 401 873 564 54 907 604 791 458 196 599 420 573 905 642 303 991 815 26 685 167 369 350 277 182 733 67 328 615 297 264
878 490 485 4 926 768 965 778 666 16 398 990 661 496 722 114 970 143 514 714 658 743 823 558 321 393 820 109 14 977 188 341 566 80 851 753 835 855 940 92 54 385 671 2 206 530 428 6 267 868
617 750 196 648 419 699 625 929 492 628 222 516 370 665 693 315 344 605 743 577 835 317 598 321 163 174 778 23 404 451 254 736 296 203 302 581 722 1 816 697 346 957 268 308 784 568 465 801 103 461
165 418 319 130 896 731 319 342 806 316 517 925 679 791 979 222 965 658 248 125 561 855 408 765 195 374 50 757 180 468 148 539 849 220 868 799 822 588 925 430 285 259 532 254 90 967 911 769 564 3
25 851 898 885 148 174 503 733 683 581 747 185 547 661 520 621 894 919 14 576 83 650 427 731 485 5 899 986 206 426 751 197 216 486 197 920 680 389 236 253 96 467 170 300 472 5 61 337 272 950
786 835 508 245 749 677 219 484 461 653 822 227 867 546 482 931 79 955 746 127 871 171 709 828 966 296 119 81 444 98 38 505 431 217 108 589 406 343 187 239 814 740 426 498 899 457 51 645 501 252
165 366 212 474 181 139 977 386 221 171 522 206 950 436 377 229 895 285 619 84 689 179 608 91 590 202 204 195 526 145 897 797 134 432 86 902 421 317 936 326 492 697 83 912 690 858 836 716 1 865
583 768 800 124 465 437 126 230 65 294 760 698 448 843 759 647 49 443 825 493 70 704 434 702 305 532 111 735 132 522 958 549 230 360 149 741 579 136 798 84 198 533 108 677 693 450 198 9 186 630
164 272 753 396 586 309 594 39 416 272 181 19 27 598 829 622 732 99 579 742 419 727 616 780 48 37 382 621 805 968 732 162 75 89 196 717 616 548 162 84 970 121 931 786 859 262 23 696 520 121
749 491 136 666 970 119 46 343 614 874 410 530 923 907 954 405 834 929 104 846 708 983 865 677 194 213 842 202 9 810 574 195 205 341 696 435 73 203 458 511 809 267 600 570 428 118 268 1000 817 82
847 599 948 709 184 193 733 726 780 798 966 567 130 687 87 670 497 349 80 171 849 264 674 517 963 299 706 77 406 453 587 924 815 410 959 80 364 512 802 817 325 702 275 946 191 302 887 308 719 684
499 684 855 494 166 404 920 771 250 558 700 208 997 205 158 349 664 502 377 87 283 828 913 158 58 194 618 422 609 104 892 356 327 225 488 390 170 75 929 821 751 413 985 862 36 271 207 523 364 827
250 153 173 633 269 971 498 992 199 579 768 129 501 424 656 461 447 580 40 295 108 756 149 28 690 699 786 127 414 80 238 889 44 243 780 206 428 719 116 530 217 81 114 578 71 878 56 879 632 763
517 588 276 262 609 401 811 562 780 785 703 584 242 174 939 672 261 149 850 623 207 35 469 306 537 486 229 705 917 928 201 935 629 214 132 382 671 704 895 383 509 961 751 647 741 669 722 733 114 274
755 824 508 663 719 205 59 218 611 597 187 638 468 101 300 561 203 848 793 891 491 879 867 642 384 289 362 627 318 733 71 507 139 492 321 99 194 828 410 754 557 886 661 92 526 57 318 256 386 488
909 512 842 774 393 481 96 778 110 979 546 797 298 770 958 416 817 618 931 699 227 401 15 464 751 775 242 534 527 345 982 90 423 610 994 671 451 2 138 974 588 305 516 937 334 500 401 121 377 456
509 111 250 661 461 935 190 137 621 601 618 238 324 474 386 533 956 919 324 153 377 153 128 457 358 108 239 197 382 401 644 586 230 844 779 864 972 48 285 160 307 181 853 27 471 708 786 134 63 769
129 914 444 447 143 679 652 74 944 953 723 694 791 259 87 277 434 615 311 821 816 63 687 423 378 686 738 140 292 704 493 66 295 248 516 412 620 384 83 72 694 371 843 914 205 255 783 166 987 542
226 435 948 843 551 891 719 697 67 742 699 231 507 46 320 760 758 565 844 647 431 762 454 296 842 539 794 434 584 276 329 832 241 278 205 719 340 419 438 209 574 382 484 688 869 663 697 990 863 820
314 25 612 331 754 748 508 691 251 808 575 451 514 803 824 402 741 999 205 758 340 802 757 944 650 413 438 924 294 990 122 886 834 553 533 112 47 723 654 824 987 974 703 6 96 249 755 436 218 911
