50 50
12 12 25 39 16 19 19 39 34 7 33 2 24 17 28 3 43 43 48 46 1 3 47 42 8 24 45 23 32 10 24 2 45 44 27 43 26 19 15 41 14 11 23 23 6 1 11 3 3 35
46 22 41 47 24 17 44 44 24 6 40 34 25 37 33 47 13 2 26 17 47 19 6 49 4 14 5 3 3 34 35 6 31 30 36 37 24 31 13 7 11 28 44 35 25 36 13 34 22 24
15 48 39 7 34 31 2 13 17 31 1 5 30 29 5 24 10 36 40 19 12 25 22 29 46 37 22 4 24 35 34 25 23 38 47 14 21 41 9 48 49 46 4 3 42 47 24 42 50 45
17 33 27 25 48 43 1 39 2 9 17 46 44 40 15 46 17 37 40 31 28 37 13 32 38 35 28 3 46 13 23 6 16 20 27 22 37 40 49 44 9 22 45 8 14 29 25 21 33 6
8 40 5 9 10 22 1 2 12 31 34 36 41 15 49 39 42 22 17 29 22 12 21 26 9 11 14 8 48 34 13 26 8 38 45 12 30 7 15 50 7 14 35 48 3 29 28 9 39 42
31 42 48 23 34 18 2 20 27 14 30 28 12 32 46 23 15 16 19 50 44 37 50 2 33 41 27 48 1 22 50 49 6 30 3 19 39 36 5 27 15 21 28 10 42 41 14 17 1 28
35 7 44 24 48 5 11 17 31 17 32 12 29 25 46 43 11 17 17 48 28 40 25 31 43 3 44 7 23 30 23 20 20 29 8 6 31 27 41 22 41 27 3 33 45 33 43 23 46 12
14 42 41 41 23 38 25 15 25 12 22 31 15 6 50 26 32 46 27 32 33 41 2 19 27 26 3 35 20 13 4 48 6 2 31 5 15 23 27 25 1 44 40 18 26 39 49 16 11 5
33 21 10 2 20 41 28 23 48 40 3 47 49 17 25 5 18 26 41 21 4 36 9 42 15 3 27 7 11 37 34 17 8 20 6 15 30 24 25 18 35 14 3 17 41 27 19 28 6 33
13 19 16 38 5 44 44 42 22 46 34 49 3 27 21 21 20 1 40 30 47 26 13 19 42 35 14 33 4 25 17 26 9 43 45 4 5 26 21 45 41 3 9 23 9 20 21 6 1 46
22 37 2 28 25 4 34 50 38 28 17 1 10 37 45 42 38 28 9 41 4 19 32 22 16 49 46 44 50 27 48 36 21 15 42 39 39 47 22 4 47 38 33 16 33 11 15 41 28 10
41 36 6 38 14 17 20 28 7 42 30 37 20 21 45 5 32 4 21 22 45 43 46 39 18 29 40 32 25 30 47 22 9 24 21 46 6 28 9 15 29 29 20 2 36 36 37 43 3 37
6 39 29 14 13 11 2 29 22 48 17 15 25 36 10 6 29 49 4 18 32 11 31 21 1 20 21 3 47 11 14 28 3 2 12 19 15 49 1 49 38 7 41 24 24 9 5 12 29 35
32 36 5 1 32 11 16 49 34 18 41 28 1 34 5 27 25 48 49 14 31 30 37 25 48 49 47 47 49 8 8 25 43 35 33 37 22 40 31 3 16 42 39 39 38 16 28 1 28 36
25 26 46 50 42 26 38 13 46 41 32 35 29 4 6 11 13 36 9 32 39 14 45 19 14 18 20 19 49 38 28 33 32 39 3 13 14 10 5 29 14 42 24 49 9 42 17 30 27 43
27 6 46 3 26 40 44 31 28 30 39 19 31 3 3 40 10 4 26 6 44 1 43 37 48 44 20 42 22 32 20 30 21 13 50 12 38 49 2 30 48 35 31 43 49 43 46 15 4 50
35 32 21 45 48 19 28 22 28 17 4 34 1 8 17 5 2 9 6 34 43 30 38 5 33 17 7 11 29 1 42 4 12 48 32 11 47 26 41 18 2 15 21 45 30 17 2 1 48 46
29 7 49 16 40 43 50 27 49 1 2 29 40 23 37 29 41 37 42 9 36 41 6 45 31 42 47 40 31 18 16 35 8 38 10 18 26 25 6 28 40 11 3 7 33 27 39 8 4 40
37 1 45 44 30 20 43 1 31 31 26 46 33 45 8 4 50 38 26 44 14 2 41 6 33 16 6 7 44 5 13 16 32 15 33 1 39 18 34 36 21 28 15 4 36 44 50 8 32 26
11 27 35 41 39 30 3 22 9 48 7 25 42 43 47 48 16 7 1 11 10 47 13 30 27 27 2 28 41 2 13 13 6 38 27 45 31 15 1 45 10 20 4 40 40 38 12 13 42 47
13 48 1 38 36 3 1 26 40 37 45 44 20 50 27 9 42 37 12 28 27 37 6 20 12 29 10 2 45 26 24 33 31 16 6 28 19 48 5 15 44 11 41 4 44 1 36 38 11 3
46 31 1 30 32 37 6 28 47 44 6 20 33 8 1 17 3 21 36 9 50 21 48 40 43 40 47 36 16 2 20 50 17 23 40 23 32 23 23 8 36 34 15 18 8 13 4 2 28 7
28 39 20 9 11 35 35 37 19 32 34 9 31 44 41 26 6 8 22 15 21 24 6 23 16 24 19 38 4 9 50 39 29 45 28 1 37 20 44 15 32 25 45 14 7 29 16 34 29 26
25 6 34 16 35 46 3 40 42 18 41 15 40 47 38 1 19 34 34 13 1 7 13 20 5 43 44 34 4 41 38 14 30 26 17 40 26 13 31 29 39 26 38 46 10 44 25 4 15 37
15 5 2 29 26 6 24 15 45 23 3 29 33 35 37 26 19 29 15 12 38 15 10 50 16 21 8 48 17 11 5 42 22 23 17 1 30 11 19 33 36 29 44 39 47 32 29 7 13 26
14 43 29 45 35 21 3 41 39 13 4 47 3 50 38 23 27 44 41 38 5 9 22 10 21 49 18 1 17 11 14 37 30 44 43 4 49 32 1 12 26 10 14 3 39 44 2 34 28 30
12 24 4 18 47 14 24 42 42 1 19 27 16 33 25 18 28 20 4 50 25 16 18 28 21 21 38 10 41 36 6 9 25 32 23 45 14 27 24 22 29 41 15 10 43 50 48 11 29 10
9 25 11 20 16 36 37 44 45 39 41 27 20 39 2 21 4 36 46 22 10 33 5 34 30 6 4 29 4 16 9 12 9 28 17 18 13 31 44 46 35 4 24 16 27 50 23 46 11 14
46 3 24 8 2 33 47 48 23 34 49 29 42 28 6 8 8 29 41 28 38 29 20 8 21 37 1 45 18 34 4 40 25 45 42 35 4 8 47 5 41 40 21 20 34 26 47 9 48 18
40 32 47 7 46 11 31 5 34 41 11 39 29 37 4 23 14 2 29 22 22 47 14 44 6 48 21 28 12 14 44 20 28 24 19 34 22 26 21 7 8 9 44 42 46 26 40 38 47 47
18 6 36 23 37 18 23 29 3 31 35 3 12 8 43 27 18 35 5 44 44 48 22 1 43 46 50 39 42 40 46 49 49 13 34 2 4 18 4 15 28 35 44 27 29 34 47 49 33 40
10 31 22 5 13 1 30 36 46 30 39 48 43 28 27 22 2 13 26 33 49 10 42 7 9 11 41 15 36 2 28 8 21 2 33 50 11 43 9 49 11 6 42 6 38 18 38 1 7 23
36 1 6 4 27 26 8 2 43 43 19 32 20 48 44 14 20 44 1 47 12 23 25 28 34 42 32 12 22 39 38 50 9 8 7 48 43 41 34 19 40 30 10 6 5 1 42 37 40 27
23 9 5 33 22 25 17 14 19 38 28 25 15 4 7 10 44 43 35 43 30 36 37 26 23 45 40 48 12 7 4 37 9 19 26 2 3 50 38 16 15 32 16 6 45 28 10 27 20 13
15 8 25 10 15 41 45 36 39 35 22 28 50 32 32 30 16 38 44 43 31 3 2 11 17 33 13 19 37 23 3 8 32 11 25 9 21 22 13 37 24 41 4 43 45 36 24 12 17 8
8 15 19 39 14 45 20 40 19 44 39 4 23 32 6 33 28 24 6 39 45 46 29 35 21 24 36 34 14 45 6 32 34 14 36 20 21 14 17 10 13 26 24 37 45 41 42 25 37 36
35 28 11 37 31 41 6 36 34 50 42 4 16 9 42 19 21 2 21 31 38 27 46 31 26 14 31 40 30 48 28 5 25 37 29 41 7 50 43 41 23 18 20 31 35 31 33 25 23 13
24 36 37 15 3 43 44 17 21 23 6 2 50 27 14 36 4 34 33 26 3 4 14 33 43 6 22 14 19 40 31 24 40 7 18 2 12 13 5 35 13 28 8 24 50 24 13 32 25 16
17 4 49 40 49 2 47 48 28 11 33 36 12 3 25 6 3 38 46 9 44 31 5 44 39 35 48 18 34 41 4 44 2 4 1 21 49 15 37 5 29 10 46 7 27 26 5 34 16 24
21 49 25 9 37 7 27 22 31 12 4 9 5 30 11 24 33 36 3 39 46 45 47 2 12 27 1 9 31 7 26 8 17 9 5 36 46 20 41 18 43 5 49 12 17 4 42 47 6 28
2 6 2 29 50 39 47 25 27 20 5 15 30 27 28 38 8 6 22 43 5 27 6 6 18 34 47 21 3 25 9 6 21 24 19 29 2 10 8 50 20 49 25 35 36 28 38 41 4 23
25 36 20 30 23 45 23 28 33 39 28 35 14 46 50 11 5 21 37 6 16 15 3 6 22 31 35 30 37 21 44 6 50 40 22 34 15 1 35 18 43 46 40 13 6 32 38 22 37 46
45 1 29 16 5 30 3 20 28 7 37 26 12 33 21 27 20 32 49 21 28 18 25 11 15 2 16 18 41 13 16 32 27 36 11 30 15 31 34 2 37 46 6 17 10 43 50 45 6 15
45 31 23 48 36 24 26 33 32 15 6 40 24 27 50 46 9 14 28 33 39 25 25 23 48 47 39 33 2 12 34 30 21 24 7 20 5 15 23 16 20 1 20 9 11 9 36 8 42 5
40 13 27 5 42 36 24 46 46 12 28 20 46 16 19 31 33 22 50 6 31 18 3 10 34 44 50 45 44 27 41 27 2 25 50 40 46 21 2 29 40 49 22 38 3 45 11 31 48 5
5 10 2 2 26 29 22 16 7 27 38 36 32 4 30 29 24 15 31 35 37 45 2 36 30 16 7 4 15 10 49 1 15 41 32 49 17 6 27 41 34 25 45 1 9 26 30 17 34 6
43 4 12 14 39 22 23 44 43 2 4 10 23 6 2 33 27 40 23 29 10 32 30 42 13 23 22 40 33 13 19 40 50 24 45 11 36 47 4 13 6 41 34 25 18 21 10 19 37 25
12 38 46 28 16 42 33 43 39 4 27 1 11 31 48 22 24 9 15 15 11 26 36 16 42 36 33 11 20 11 36 7 43 8 3 18 40 50 25 20 32 2 10 13 32 35 17 41 18 43
37 32 26 21 6 8 37 37 8 32 13 9 22 4 33 50 21 3 38 50 5 29 20 7 9 38 29 33 29 15 30 35 50 39 40 29 19 18 5 16 22 27 49 42 13 18 24 49 47 39
21 16 37 6 15 4 29 16 22 23 36 24 4 19 41 38 39 7 27 49 33 12 35 14 24 36 15 3 35 15 44 31 32 44 23 2 12 29 39 17 38 45 18 38 47 49 40 39 13 42
