50 50
48 46 4 12 5 36 28 37 45 11 45 13 35 16 11 33 46 7 45 12 44 1 23 46 28 44 25 12 42 39 35 47 34 36 5 9 39 24 9 23 48 4 15 9 3 40 8 5 29 17
22 42 36 38 49 21 26 31 20 26 30 24 19 2 21 7 31 29 47 48 50 35 48 34 15 44 2 45 34 7 9 1 9 16 40 47 40 40 21 3 47 8 35 1 13 1 45 27 40 1
35 7 31 4 18 24 33 28 35 22 8 36 41 41 40 26 46 47 26 9 15 21 48 11 31 14 25 40 35 28 50 50 33 29 13 28 25 38 33 18 14 46 27 8 38 41 38 19 34 1
25 42 25 33 21 28 49 24 5 38 48 18 30 46 35 14 21 44 8 14 38 24 17 27 3 18 17 25 41 32 6 31 39 11 15 29 13 24 10 12 45 14 31 2 6 19 29 16 19 7
11 32 36 4 4 44 16 33 35 21 5 18 38 32 18 8 15 2 49 41 40 36 9 20 43 6 37 17 37 49 1 21 5 34 44 43 39 17 27 32 48 28 3 13 32 29 31 45 32 25
9 3 37 48 1 17 43 22 32 3 25 38 14 42 26 5 46 43 3 30 41 39 47 10 18 4 30 35 13 37 41 42 3 6 1 4 32 40 2 22 21 12 37 7 15 41 43 45 14 3
14 37 38 39 40 27 4 29 40 3 14 30 7 24 28 42 44 43 31 23 35 8 20 35 3 47 3 22 40 48 7 25 8 14 23 11 42 50 7 19 11 35 36 30 17 34 38 38 44 6
48 31 33 46 11 20 10 19 24 19 36 24 14 43 47 1 6 23 13 1 6 46 16 28 7 2 11 12 33 42 29 13 25 45 31 17 5 1 41 42 12 26 8 30 9 34 12 39 30 50
12 31 9 50 17 17 47 29 33 13 12 46 16 10 36 47 40 39 15 40 6 24 4 26 9 6 4 3 17 37 20 9 42 28 11 48 43 41 38 12 4 21 16 15 18 32 41 30 34 50
25 4 6 22 37 40 49 43 18 3 46 5 24 12 18 4 24 26 20 11 3 37 24 15 9 24 19 19 42 35 20 30 17 31 11 38 14 35 48 28 49 11 31 49 45 38 19 33 10 22
30 22 21 13 23 12 5 21 48 46 14 28 16 21 31 27 23 42 15 47 15 12 5 20 36 26 39 18 16 36 34 28 46 32 32 43 44 7 41 3 40 30 13 46 47 28 50 7 23 4
20 1 7 6 33 17 38 38 12 2 32 29 20 49 16 10 30 15 11 38 47 49 43 29 48 26 21 45 11 29 49 35 16 26 45 4 12 18 15 16 9 23 34 41 29 15 3 7 11 16
25 16 49 28 48 2 30 32 41 34 32 49 28 31 35 35 32 33 6 15 38 39 5 2 47 22 4 12 41 5 39 21 19 5 27 16 31 21 47 31 31 41 31 27 28 38 26 18 4 23
9 11 6 11 27 48 12 12 5 11 38 40 26 5 20 33 19 33 6 36 6 32 30 22 3 38 1 25 28 47 47 4 14 17 37 13 11 4 8 28 36 10 4 27 33 42 20 50 48 35
46 47 41 30 46 39 35 15 23 7 13 42 12 40 23 45 14 7 43 28 15 40 11 46 21 48 28 4 29 14 23 36 29 24 5 1 42 31 41 43 20 46 22 1 3 22 28 18 30 17
40 24 2 22 47 39 19 20 24 10 44 30 7 35 16 38 33 7 21 48 15 18 2 48 49 37 11 8 30 15 35 36 47 13 45 2 15 26 36 14 10 30 36 6 1 3 33 47 14 6
46 16 25 20 32 21 41 39 36 5 40 23 25 19 49 4 27 12 7 34 3 40 28 28 46 28 3 4 36 24 1 17 12 3 22 3 48 14 39 17 23 26 8 48 12 32 40 42 22 14
49 8 50 47 37 14 39 34 23 6 17 8 30 40 9 23 23 26 33 26 33 4 38 20 30 28 4 32 42 23 39 14 7 22 36 3 11 41 25 18 42 31 38 34 25 37 5 3 24 42
15 19 15 20 34 24 1 39 28 42 48 26 29 45 26 24 11 2 50 2 28 37 8 7 28 1 10 49 21 13 35 4 30 15 32 40 45 4 27 12 17 17 14 12 39 3 5 49 49 33
46 24 31 39 23 33 43 5 6 5 33 29 43 48 23 3 3 43 35 1 45 3 37 4 17 43 19 42 16 43 47 27 29 19 31 42 48 11 30 11 37 2 29 5 47 8 38 29 22 44
35 35 49 10 27 40 22 20 45 23 45 44 5 32 23 26 41 44 14 9 37 8 28 5 16 15 24 26 20 15 34 24 16 40 13 48 26 41 47 40 30 23 49 23 2 1 11 4 17 25
13 12 38 24 48 6 36 28 7 16 2 15 3 35 41 25 46 19 24 44 11 12 11 50 19 26 43 9 34 29 44 41 5 4 22 46 47 32 20 30 9 17 26 12 35 47 49 16 17 45
32 14 16 8 13 21 5 41 42 49 31 38 28 49 44 18 7 42 11 10 44 41 2 44 40 44 50 33 14 12 18 46 44 32 11 14 11 32 13 50 49 28 20 18 1 23 23 36 2 39
27 40 13 31 33 40 6 18 19 44 4 34 15 25 13 35 41 11 35 7 48 23 30 19 19 6 38 9 35 26 50 11 36 24 47 18 8 15 30 7 45 7 14 29 21 47 11 23 32 27
47 29 46 29 25 6 15 22 43 29 6 18 13 50 48 47 3 25 15 49 28 42 47 31 49 22 4 29 7 49 18 38 22 8 33 1 46 20 12 14 26 47 48 24 48 26 34 11 50 26
46 10 30 15 2 26 12 23 17 39 33 4 34 10 8 23 34 13 37 36 29 46 16 50 34 41 32 6 35 42 19 35 26 5 38 11 44 35 47 33 42 27 17 31 17 48 34 3 18 13
44 9 29 1 10 10 24 46 43 30 43 28 17 42 44 3 36 18 48 27 49 48 11 25 5 5 11 9 32 37 21 27 47 14 8 47 5 25 38 45 31 33 22 31 15 45 18 11 26 24
38 50 22 18 17 42 43 24 47 50 45 18 9 41 45 21 3 50 30 5 22 34 24 32 17 43 38 16 33 45 30 18 49 1 45 11 11 25 49 29 19 17 15 18 47 36 45 35 50 43
39 4 6 31 24 12 15 14 40 38 11 3 25 47 8 49 50 9 7 45 5 22 22 31 41 46 31 33 21 25 36 25 19 26 2 26 44 1 20 6 37 49 36 25 23 29 23 30 4 37
1 18 34 13 45 27 38 34 19 49 12 50 39 47 6 30 10 26 27 36 37 45 10 19 37 10 9 45 29 1 36 5 48 4 38 36 48 5 9 16 48 10 10 27 5 45 13 24 45 49
27 42 48 31 19 38 18 16 7 16 4 49 3 39 28 23 32 23 12 16 47 30 45 14 11 23 24 22 25 30 40 50 39 46 49 46 50 28 20 27 12 13 4 18 24 33 43 7 42 45
21 11 25 43 20 23 20 4 41 1 41 25 4 27 18 19 4 46 6 26 19 32 38 11 15 5 44 15 44 35 32 34 9 35 14 43 33 44 33 25 2 36 43 18 8 2 32 6 34 47
45 30 35 45 1 17 47 49 16 14 44 32 9 45 41 40 23 18 37 34 37 27 9 14 10 17 1 43 16 16 22 3 50 22 29 28 11 41 6 50 45 34 13 2 7 15 38 4 29 50
9 40 20 21 46 28 21 3 11 24 48 13 41 7 8 12 8 47 28 6 27 39 42 3 39 43 41 14 23 21 37 27 16 40 36 30 12 19 23 48 9 30 36 20 40 9 6 36 30 43
14 25 13 21 9 13 43 33 2 27 10 26 4 45 23 40 27 20 26 49 12 28 49 50 18 8 37 41 2 48 11 21 21 37 21 12 19 20 9 42 2 43 41 5 17 30 41 32 15 44
1 42 36 22 19 8 28 15 43 44 10 9 16 24 31 13 15 7 24 32 7 37 33 27 21 18 27 7 6 12 24 5 21 5 30 2 16 36 32 48 36 15 39 15 29 18 2 1 43 49
31 12 34 36 13 28 23 32 34 42 48 3 44 4 50 18 3 45 40 40 10 48 47 25 30 28 45 43 24 12 13 12 36 20 49 23 48 47 16 42 37 19 47 46 28 50 47 11 38 10
2 50 36 2 21 44 20 35 36 1 21 25 22 45 16 22 34 13 32 23 18 43 19 43 33 25 14 1 41 44 10 34 8 11 20 31 40 11 22 35 40 49 3 5 29 33 5 17 39 10
5 28 43 18 15 46 22 46 33 22 47 28 1 22 2 22 28 44 41 21 14 22 34 28 45 25 1 13 34 20 47 34 19 3 44 17 5 41 18 21 9 17 11 16 41 30 45 49 10 36
24 18 6 15 19 3 37 47 41 10 3 25 46 40 46 17 3 26 35 41 50 14 24 34 5 25 47 25 42 47 30 13 19 29 21 38 49 20 4 30 41 22 15 47 43 38 41 47 9 18
28 40 36 38 39 47 14 11 38 1 1 15 30 36 36 21 40 31 10 7 2 17 11 31 1 36 15 24 9 22 15 32 14 38 48 21 22 9 5 47 45 12 14 30 48 6 23 1 22 23
3 20 20 19 45 14 2 16 27 7 20 28 25 47 49 38 5 31 30 18 50 50 44 16 40 32 3 14 18 35 27 34 24 23 14 27 6 38 39 16 32 33 31 44 38 38 2 34 8 49
22 20 19 6 44 34 29 1 33 45 44 5 28 29 37 37 18 8 43 22 35 42 29 40 1 19 42 11 38 24 11 11 36 29 45 46 40 26 46 23 21 25 10 40 16 23 23 17 2 50
39 23 43 17 11 11 22 4 28 23 9 14 30 1 24 19 45 15 21 21 29 33 11 39 42 33 46 14 45 36 29 18 34 21 13 10 31 50 33 4 3 12 6 44 43 16 2 39 7 3
47 16 48 19 8 38 42 39 26 32 37 2 14 19 22 18 9 23 26 41 4 43 27 7 3 2 17 14 42 3 6 11 41 48 6 47 18 3 2 1 4 8 31 47 48 38 42 7 40 24
38 19 11 10 42 37 21 25 47 11 44 2 25 34 15 10 38 38 35 23 6 7 31 16 50 21 18 18 27 40 10 36 50 38 12 36 33 32 29 17 45 42 46 31 34 13 46 44 46 34
9 14 2 26 42 34 22 33 28 15 46 31 39 19 22 2 31 46 19 14 22 16 7 9 2 11 5 36 33 43 32 49 6 7 29 31 2 14 35 44 38 2 17 28 38 11 42 37 40 9
34 45 30 38 28 40 16 49 33 24 29 23 25 6 6 21 48 44 18 44 43 33 34 44 4 4 7 18 21 20 1 13 45 39 50 43 1 34 37 11 7 32 35 46 11 31 47 5 7 22
21 4 26 44 21 24 34 4 1 4 10 11 38 23 42 4 27 46 4 33 2 34 29 50 45 18 27 24 47 30 14 12 14 17 3 43 16 33 4 3 45 25 7 40 37 14 34 48 38 9
15 7 5 32 28 25 8 42 45 20 26 34 9 44 47 43 25 10 43 24 2 29 38 32 32 42 28 27 2 41 31 10 38 25 1 7 33 37 14 48 7 37 5 24 8 1 28 20 3 34
