50 1000
22 212 586 10 358 224 858 10 716 657 366 915 417 515 816 411 247 760 509 919 886 641 697 189 221 891 96 465 265 821 782 727 180 990 69 679 405 563 569 279 567 374 857 578 625 706 443 918 611 339
268 572 679 250 916 56 755 158 570 288 714 670 265 481 729 203 318 116 693 323 461 928 102 696 767 825 256 447 658 495 7 331 125 577 884 138 951 624 568 736 803 168 939 455 33 529 890 552 100 556
851 443 475 41 334 187 743 149 42 877 648 944 312 94 380 516 728 660 613 98 255 813 654 735 626 732 154 404 609 498 609 99 114 24 87 741 473 275 706 544 562 817 313 798 507 407 436 201 232 101
116 626 684 345 15 209 472 136 311 438 452 603 457 646 432 94 213 529 509 548 919 400 788 982 800 733 354 274 241 682 896 400 966 419 307 712 203 32 84 519 198 450 942 473 976 247 718 880 137 289
108 282 983 792 822 921 683 872 691 635 440 813 211 834 24 459 640 390 677 754 72 198 881 14 650 934 427 700 555 691 679 793 196 841 208 997 178 197 204 636 297 998 268 381 62 86 951 252 384 887
154 626 273 177 846 156 911 280 341 73 921 2 442 340 840 773 101 522 213 759 688 589 969 984 978 727 948 921 997 403 485 104 341 933 715 707 415 289 398 810 363 416 485 41 192 432 293 483 331 355
322 738 316 15 5 27 373 118 746 727 839 363 253 715 474 389 513 953 737 817 396 23 168 711 170 229 420 687 933 837 821 268 814 547 946 310 826 404 153 902 884 123 513 402 411 573 478 440 464 46
24 191 342 117 753 697 686 986 281 94 237 704 496 506 853 942 887 805 485 471 907 347 982 497 631 514 907 779 220 161 211 7 480 73 695 423 225 587 626 227 76 504 242 185 679 120 426 846 895 426
9 56 854 866 275 198 868 328 665 767 281 61 463 479 781 993 331 264 372 424 133 821 857 403 271 250 438 226 794 143 653 871 402 939 815 558 671 597 862 176 626 182 392 191 136 315 579 996 22 54
551 100 993 11 173 329 624 952 122 892 609 302 415 352 956 909 593 435 184 924 432 750 544 653 334 803 138 806 869 853 436 748 829 891 779 874 882 927 65 928 246 963 754 767 656 211 91 128 808 853
344 852 973 869 729 646 574 669 192 301 497 314 521 542 155 2 430 798 869 889 734 764 391 978 618 493 187 898 396 673 849 977 164 739 123 186 480 695 996 242 247 747 281 93 354 688 836 755 335 402
769 930 804 778 224 789 380 549 694 674 193 325 399 210 983 37 236 57 465 642 612 533 218 805 763 971 185 85 396 965 802 834 4 255 797 300 237 401 86 490 19 783 368 582 847 252 366 349 437 646
504 853 956 778 670 183 849 912 900 163 632 241 970 691 769 869 231 912 779 969 674 632 231 637 900 586 436 828 253 304 946 196 289 258 621 878 887 948 744 415 446 661 507 837 468 72 571 501 285 296
333 729 908 989 87 480 937 259 18 389 511 137 511 593 513 903 621 563 232 712 708 542 475 871 786 668 916 726 600 910 315 746 632 621 857 322 973 355 651 710 718 971 153 741 880 919 874 326 351 639
382 384 337 95 864 77 912 626 765 345 522 27 101 881 351 306 565 350 142 611 743 208 195 362 655 887 265 827 906 909 664 822 365 312 267 791 551 43 34 779 636 228 711 719 472 664 62 115 332 467
589 60 319 300 414 143 828 268 958 200 972 943 611 426 768 475 566 514 486 757 458 692 453 44 9 39 958 45 66 748 537 437 816 265 889 269 714 93 797 191 642 220 380 719 181 9 756 773 382 555
255 223 311 448 259 788 629 391 349 187 294 314 369 921 826 840 24 145 739 992 990 965 931 721 134 883 113 727 845 124 95 663 232 566 970 444 539 120 775 706 568 269 447 296 39 946 415 219 616 578
22 453 770 178 579 716 983 966 59 718 190 537 556 58 924 12 769 826 273 326 451 654 579 49 680 386 73 461 402 503 437 870 606 126 198 905 112 504 161 892 768 324 44 770 651 144 616 414 656 112
144 407 812 221 490 58 285 780 616 422 744 719 67 496 256 129 966 446 772 595 138 385 315 788 315 899 238 781 622 72 226 282 781 162 128 500 681 844 443 635 419 720 942 41 239 148 127 786 869 598
588 807 349 272 656 570 350 112 714 420 244 318 75 274 148 680 42 310 669 683 925 506 404 943 622 295 787 93 784 811 160 381 116 1 582 287 988 203 10 131 251 874 868 645 760 262 376 888 261 801
400 683 152 781 336 680 293 318 429 49 734 834 27 950 240 637 353 57 555 626 835 211 470 875 180 127 484 97 638 452 679 239 288 712 847 745 898 487 639 306 256 259 549 283 305 853 652 735 747 706
896 731 388 754 621 859 575 321 339 111 218 24 322 301 376 14 935 857 807 383 96 599 72 607 562 904 79 936 260 2 318 718 671 962 994 44 964 134 569 696 626 389 271 617 91 791 188 465 34 737
339 29 788 576 321 713 440 431 936 712 531 492 632 745 164 828 169 830 9 623 711 606 485 574 730 10 975 985 304 997 663 773 946 596 223 226 672 229 691 211 450 379 455 71 212 511 348 132 812 139
535 699 59 849 494 966 950 424 752 390 193 718 679 306 415 673 404 177 559 823 808 760 734 13 731 887 366 900 51 214 672 120 538 646 299 995 827 210 856 687 771 723 841 256 865 99 454 695 409 513
148 787 411 635 235 105 650 890 834 13 684 335 569 945 845 395 714 786 648 636 68 482 211 372 110 743 726 204 653 691 320 181 418 909 662 631 459 572 545 282 196 884 243 362 18 849 285 8 964 416
896 539 934 813 590 117 531 79 972 929 638 864 687 355 741 857 575 600 307 946 349 964 273 990 52 67 432 293 487 775 613 699 911 280 249 13 231 817 828 76 806 383 710 123 280 621 513 531 770 946
982 485 184 868 875 711 76 726 774 384 693 957 161 893 850 632 770 670 569 542 589 291 1 9 688 391 80 888 403 279 50 682 34 956 367 558 792 763 495 568 737 942 436 550 477 820 404 360 820 43
818 998 490 438 440 867 345 993 915 711 653 265 563 867 808 857 382 318 531 111 88 820 205 773 888 333 83 347 794 676 692 809 716 238 952 330 88 18 757 749 565 280 229 629 594 314 23 952 377 447
408 549 475 182 110 574 237 712 201 157 767 942 86 771 53 145 769 972 668 665 71 382 986 341 846 871 474 321 225 30 523 102 227 490 869 323 983 304 447 313 178 544 927 492 750 126 551 885 939 302
288 220 476 472 590 619 732 548 480 918 315 663 658 639 953 995 89 150 269 748 634 141 602 367 71 209 511 933 191 964 513 101 665 592 8 760 941 174 851 486 15 596 536 902 377 613 548 706 91 571
555 921 770 951 525 318 794 817 990 437 361 91 479 118 938 927 614 954 562 417 95 794 851 144 245 327 115 62 882 461 296 326 566 832 170 957 479 720 813 121 278 297 553 574 546 779 496 175 763 1
219 554 476 373 529 972 910 976 389 660 502 966 835 900 202 144 200 865 773 99 203 763 484 22 315 512 188 834 630 916 11 794 842 83 863 641 756 358 110 674 260 700 348 859 657 152 675 731 406 896
890 690 704 350 300 960 971 959 491 277 312 952 353 888 693 785 139 235 561 842 378 499 10 705 464 422 845 550 708 477 577 894 449 905 1 563 729 434 836 981 473 618 395 825 298 287 758 951 428 808
851 522 966 103 700 105 350 925 388 954 945 339 286 542 272 852 841 112 192 256 444 567 396 963 226 138 609 837 794 267 686 850 374 164 454 49 342 246 667 138 273 297 944 745 239 550 427 47 469 856
197 511 541 504 199 502 154 344 884 435 13 527 597 383 495 211 117 78 244 821 281 475 272 334 683 98 881 824 956 942 968 983 219 587 61 750 31 806 334 157 36 640 483 248 597 497 497 356 655 729
106 930 614 378 814 126 535 322 392 617 240 293 622 258 263 15 494 403 150 878 482 431 384 254 344 338 851 878 929 497 922 839 620 609 85 557 486 995 511 918 639 68 516 232 412 851 333 855 125 836
34 732 171 138 578 361 848 433 466 768 66 440 8 748 709 645 690 231 276 627 800 354 940 15 843 51 133 472 528 113 318 301 277 835 180 680 431 774 343 408 734 29 305 556 981 27 755 99 145 588
797 361 582 265 546 788 641 818 990 613 349 414 13 633 685 310 98 911 707 904 840 556 427 528 840 538 391 32 680 223 159 423 596 610 892 400 628 984 98 465 50 93 624 244 926 30 989 715 160 770
985 68 881 881 285 972 574 133 360 808 618 141 214 806 806 121 119 610 600 743 722 765 710 835 164 31 69 438 641 285 42 686 662 790 220 523 224 487 484 601 156 574 731 353 540 588 822 674 731 644
152 717 653 664 245 126 414 434 454 446 518 632 597 893 909 425 926 77 960 220 753 154 240 623 320 278 476 165 321 369 395 689 745 661 656 567 147 799 50 954 932 658 118 320 4 573 771 785 948 861
2 750 646 189 304 335 789 105 490 733 10 531 444 902 776 716 910 326 717 28 515 571 813 157 439 961 940 793 220 843 32 533 945 715 337 133 680 305 134 30 946 792 421 442 506 966 231 422 90 474
678 224 750 111 667 404 747 119 920 382 459 267 63 977 953 158 61 862 683 706 55 321 649 738 31 517 944 6 859 607 123 517 106 999 726 5 508 571 864 214 181 959 726 500 973 527 430 931 335 253
790 589 180 789 9 55 715 125 467 938 416 954 810 476 678 134 897 351 562 126 753 698 806 728 390 323 198 385 580 62 922 188 989 535 560 15 344 707 646 736 838 692 1 669 196 780 877 600 81 897
362 41 731 823 151 541 506 307 765 469 512 747 563 297 315 595 801 219 809 962 875 601 167 11 196 298 510 455 932 113 338 56 432 487 168 625 277 187 60 937 632 189 876 438 396 16 325 822 585 589
264 880 838 692 832 809 804 118 610 683 302 166 745 344 48 85 870 724 211 373 377 848 186 725 350 75 500 563 582 739 190 441 793 233 364 246 693 874 692 564 302 938 304 345 266 268 190 175 239 764
629 695 708 621 630 891 57 838 117 600 195 215 802 354 96 273 952 313 755 732 834 874 333 146 525 545 249 656 806 177 177 77 664 710 490 931 201 593 481 211 355 499 664 573 586 845 578 692 855 756
998 72 200 938 667 829 729 695 185 121 83 199 823 395 183 876 383 71 24 244 914 30 930 998 833 234 923 30 265 599 316 704 202 636 155 257 628 217 665 96 855 147 387 620 453 27 439 367 678 476
669 656 504 395 559 663 449 169 319 457 835 756 427 59 458 380 999 755 133 993 600 569 510 201 384 573 856 135 243 99 732 623 429 233 728 422 918 833 365 183 499 929 691 192 145 752 379 203 120 635
144 760 59 254 611 344 248 510 394 780 216 754 877 60 700 818 573 523 897 80 976 896 290 979 869 295 514 267 768 614 834 326 755 396 341 177 250 747 101 794 737 470 153 554 948 790 486 560 738 935
263 753 671 959 210 739 813 758 344 944 511 656 185 945 545 168 594 232 663 655 780 255 608 714 874 422 646 625 719 951 901 236 473 671 686 272 438 221 976 359 865 764 865 830 545 845 918 631 967 510
