50 2500
1063 1204 2248 1008 343 425 290 2179 931 32 789 1352 1704 1599 1052 922 258 1730 356 1070 454 1416 1979 1603 2015 340 1818 2186 894 216 657 1049 786 445 1890 1759 886 438 196 1662 1213 1641 544 1680 1592 1653 42 1258 2074 656
1957 2206 791 1426 1490 480 885 181 349 144 398 1651 968 1337 1154 75 1538 142 1870 1637 950 2267 1791 836 400 55 506 327 892 1357 280 1322 1418 464 1240 1276 1593 2002 252 1300 494 1188 520 2219 828 2381 924 1799 394 347
2222 1545 1413 1578 680 339 659 1934 1999 905 2259 1511 1487 1905 1970 2181 2335 1055 2180 212 983 1140 756 2217 2375 1795 446 2184 825 1587 600 654 337 175 1263 2240 2483 862 1226 1111 1787 165 2349 34 963 1663 1660 1410 785 193
930 1285 636 855 1685 519 779 47 1368 323 291 1340 1127 1122 243 955 1654 2117 466 1408 2194 1477 2108 808 119 487 406 1243 259 1757 2262 995 424 2486 2280 896 943 928 1534 899 868 541 2386 1183 1881 95 1904 1349 1815 9
701 1488 2095 2138 927 1844 1535 1907 888 1420 538 512 693 1865 2410 121 1530 2390 777 649 2075 2045 1097 879 43 14 1178 172 734 2403 387 1683 465 1894 1314 185 44 1672 1047 1840 403 301 797 373 2226 748 2238 640 986 249
1915 2314 1293 895 2204 552 1507 1084 370 1700 1004 1577 721 2431 713 1549 1531 1206 897 875 2276 1347 320 1624 1232 1433 750 2347 1443 795 762 1622 1136 1492 483 1277 857 303 86 350 505 2172 393 1575 1571 1684 1712 521 773 1150
2041 265 689 901 810 2350 2474 110 1966 726 177 1434 2404 1033 1255 508 304 1156 2099 1299 827 626 275 826 2137 705 1861 839 309 1553 1128 1547 1423 938 94 1776 1195 2255 1958 2183 2285 1326 1780 1909 2038 1667 2021 183 2018 390
321 109 768 2445 1460 189 1661 395 331 599 2106 646 138 764 516 1138 859 1029 1399 286 246 1691 2324 1773 1636 876 432 878 452 492 1855 1312 1304 1500 1453 1115 386 1103 920 1313 48 1608 1919 1397 128 1697 1862 1362 662 8
911 116 87 1295 1377 2011 1962 140 1721 916 1102 1438 1777 2033 606 1264 1848 1216 18 1932 628 1849 891 1176 685 1643 237 536 1627 1396 2122 2003 79 2245 1020 1897 581 1406 618 2409 572 1981 1562 1026 39 2169 1388 152 564 1421
1250 1135 533 2327 2035 617 242 1658 1665 155 195 1930 344 1311 1650 647 849 1108 574 1644 1869 1148 1177 1448 1119 2459 903 2354 829 1825 781 76 1254 1765 1508 203 1472 224 232 528 1519 2140 1906 1241 2456 1146 33 601 1207 2269
1584 240 1019 2455 1324 765 591 1504 1885 573 523 467 884 1501 974 166 1155 2368 1670 1831 1256 2060 2363 953 1298 2287 2151 447 1238 1856 534 503 1323 2306 443 7 1771 2496 1908 804 1606 1646 801 1768 1706 1630 1556 577 1200 866
1972 96 2062 1893 488 2421 1751 2457 2080 2373 1269 2077 702 1579 1328 979 2102 112 753 1819 151 423 2451 126 1473 549 229 1051 590 1023 994 1482 569 2065 1524 2200 2470 1647 199 672 838 1832 694 1478 1296 1435 812 1794 338 1405
228 266 1161 2242 620 817 244 1820 1147 992 1761 1590 1681 1566 651 1287 62 1267 1567 482 1973 1363 1732 164 1262 1398 760 940 790 877 1937 353 314 35 1573 730 2334 1125 688 1801 1752 807 129 687 385 2069 2144 1520 1272 1724
326 987 460 124 2154 1430 2310 1572 1447 70 2131 546 85 468 1725 1743 1149 2270 850 667 644 1675 37 2293 1333 442 1555 1609 1220 1873 98 262 2273 771 1762 1498 714 2283 208 669 271 51 2026 73 2278 1365 1065 1088 2252 333
2202 1841 1356 571 1943 1233 852 1998 742 1330 2071 1695 908 1527 802 1279 1727 761 1242 2427 306 1536 763 473 948 1817 1740 1989 1671 1219 611 1454 778 2309 2049 50 1112 1283 755 652 2257 427 1087 733 1194 929 13 2253 818 413
1246 261 1109 570 1623 1056 1754 1959 294 949 1130 1688 1379 2296 2408 1682 915 1540 117 1668 157 1645 529 1164 1280 1723 58 295 670 2163 1306 1462 2059 1374 2437 1392 1775 2277 832 2148 1054 993 869 210 1611 831 1674 191 1737 936
49 1525 267 1785 1628 2484 1139 1179 1528 1141 263 1838 1664 648 1866 608 1896 439 1731 1716 2022 2243 1117 60 1750 382 153 952 1510 2447 904 1576 658 2485 2339 803 145 900 136 1124 1875 747 2174 2356 2193 376 587 2167 776 1007
772 919 1901 1104 1808 2325 1197 2326 186 2053 1774 345 1353 2197 681 1726 2030 358 197 1066 2092 2466 1521 1964 1221 1186 2134 1259 703 213 1948 1702 17 1400 357 603 2085 6 2271 1382 1464 821 917 1903 19 1116 2145 1252 1755 1266
624 720 2330 360 965 188 1039 867 1429 731 873 1331 365 2223 724 1168 2312 2433 1032 397 1710 293 1248 1316 1096 2086 805 602 2162 788 1925 1824 2230 2301 615 1807 1171 1845 1465 1336 2359 1853 235 1656 479 1481 1649 428 2133 1466
881 1718 1839 2396 74 2005 2130 2112 1523 1217 2136 969 417 1271 2361 1620 1292 375 2096 2315 1502 1638 1081 12 2477 958 718 2125 1600 1595 1373 1864 1359 1485 2428 1758 2250 684 737 209 1596 27 88 205 221 1372 1394 1301 872 1847
2 2157 1253 2054 284 1669 883 757 1180 1872 1025 351 653 2488 1652 1089 2124 2308 692 194 1157 991 1483 1494 1369 2064 91 1133 1790 1042 1375 2019 2321 1205 421 419 1739 2443 596 1597 2072 410 1659 1888 1387 289 1616 1756 89 834
1698 1383 2493 484 1745 1935 2434 1871 562 236 251 743 1343 1445 414 2023 1451 1367 325 1978 1816 281 1621 1237 650 2389 1310 106 174 1629 1703 1887 1380 1284 1936 1543 277 2024 1605 2348 1463 160 1159 1401 1013 2173 696 1513 435 2365
1437 2345 1493 1836 2313 1889 1381 627 531 1532 1944 111 1514 1781 1261 1182 614 1823 371 2084 255 1247 1880 806 2160 2454 369 1753 2400 1518 1187 2188 313 1044 319 561 1190 250 380 21 2352 697 698 1495 248 1585 1734 1341 1821 1692
1166 890 2481 2299 2034 2027 1857 1634 247 1067 1390 1677 1797 2076 231 1302 437 1145 1286 1689 553 1391 1793 1459 2036 1601 287 2468 99 1956 92 1557 1899 2289 984 593 623 200 1833 1318 2385 407 1509 418 1789 1558 551 1228 167 1960
1143 2489 97 2258 2316 1693 1364 478 1036 1281 871 2360 2357 1305 1863 2475 1131 312 1441 330 2423 282 458 276 1014 1040 495 100 1867 1709 322 2215 630 749 308 1121 1048 2249 1796 822 2376 502 515 471 1570 139 1043 2207 706 2046
2450 744 1385 739 1922 1783 2307 902 149 511 336 1996 2205 583 1002 24 1748 889 1105 1275 2203 2209 2478 404 2132 976 2231 65 1602 107 2441 622 329 2290 964 2063 1355 1468 2492 1548 292 522 769 1782 514 1988 1319 632 2453 402
491 2398 354 192 1268 399 77 1744 2237 567 1076 865 1564 72 302 704 1294 1843 933 1953 363 2374 1446 1376 1475 1810 2246 1705 1858 67 2379 568 114 2073 2227 1598 787 1686 1424 146 131 217 946 1342 1360 558 1574 1779 1425 416
459 2479 1589 668 2372 1035 548 1497 1091 1427 451 226 1515 2436 746 45 686 348 556 285 971 1928 1199 2113 2317 2405 1526 2195 2298 723 2319 629 1273 2139 1174 819 2378 182 2159 2490 372 300 1802 392 1610 1417 1884 861 2391 537
2265 1170 527 202 2028 455 2448 918 310 486 1746 211 2417 2292 1971 2351 1303 161 120 1016 2211 2422 368 481 1419 1655 957 1395 36 171 539 2190 461 430 1657 751 1071 1229 283 1561 543 597 493 1618 576 2187 1469 1764 2251 1411
2110 2491 1288 1457 1951 1278 1533 725 214 1769 2402 2025 639 673 469 362 2164 1741 906 223 401 22 691 272 239 2105 1480 1994 1612 635 2305 526 559 1735 774 2123 2012 2061 269 104 1986 1086 1134 463 2008 1345 148 1552 1010 2141
1450 2044 1707 1811 860 2297 1332 2029 2158 1850 1059 1882 2460 1522 64 2175 941 2208 147 2328 156 1095 1092 1129 1846 264 1142 2263 1699 1017 16 2497 981 1714 52 1046 2199 1484 2482 1974 2152 1969 947 1633 412 1879 811 880 823 1625
1720 1803 1165 1766 1804 1559 2010 2090 1997 2198 1967 1631 1327 81 2336 501 2232 767 1798 2070 729 1415 1711 2178 1942 1968 1921 2082 328 1931 1015 814 1733 436 1073 1118 1006 1162 20 23 2495 2161 476 1900 256 1722 2358 1444 858 1673
722 1812 158 951 513 621 579 2261 1617 1914 1348 2214 566 2001 563 2126 1788 374 1770 1542 1082 2129 2083 1045 1694 2288 2089 1440 3 678 840 1137 82 711 1093 863 532 1842 666 956 2039 575 967 2182 254 2320 429 509 1412 453
1080 1422 1506 912 1742 699 1837 2149 71 1404 1639 1984 633 1041 1449 1034 1961 441 2370 1031 1615 1491 253 2128 584 108 1107 2156 420 475 1309 982 1317 937 2275 784 1939 1431 799 1486 1701 1926 1335 1236 1085 517 1941 504 1202 207
1551 1736 1859 1315 2032 794 1218 565 1083 1167 1496 717 220 134 1291 1144 334 2353 1800 1854 1604 378 1114 961 842 1516 1230 2399 46 78 1715 1038 1062 1021 736 122 137 1696 433 2467 1265 638 335 159 381 1201 770 715 311 1886
288 2119 1214 176 2100 499 716 2191 296 1366 2487 1529 1987 1949 1539 2465 1100 2088 2216 1069 2414 800 1947 1642 2056 2260 1679 2416 972 1329 1196 1809 1024 25 2116 4 462 422 2329 2212 1828 1983 1499 1923 550 1913 846 1607 1763 2055
2498 1090 10 1126 2048 1568 2040 1079 2338 612 1877 1193 1993 384 2282 631 1512 324 966 973 1370 942 683 1050 498 318 53 2239 1458 1588 178 1169 268 1690 1346 1594 833 874 759 1436 1442 1308 1747 1274 2043 2322 1239 970 1541 1648
150 2068 2103 1077 449 1708 2247 1428 2234 173 490 663 613 1009 1719 1203 2009 2150 470 1099 1414 847 555 913 1985 2461 1132 1439 1991 1895 893 1827 910 1582 2051 2449 1461 170 798 141 661 2464 518 1223 2274 2394 816 233 361 2146
745 2362 2500 2037 2078 352 2355 2236 2221 1927 1158 1479 1945 1738 2166 835 2311 708 2170 595 1924 1834 1878 2185 619 610 740 2407 2047 780 1965 1976 1713 1351 1094 1940 1231 700 133 80 115 524 977 15 1012 1946 674 383 752 444
1813 68 1917 2114 405 1852 1215 1181 1098 168 2111 560 2331 1191 299 1868 2155 2446 1676 59 2233 1912 2118 843 316 1078 1402 1666 1244 2171 1210 2341 234 1452 411 2420 2393 66 143 346 682 2294 2093 1640 2127 2087 1257 218 1307 190
1874 1505 932 1767 1980 1952 1371 1544 273 219 1975 2471 2013 2004 1826 2017 1503 1290 1074 315 1537 1110 2430 2091 187 2066 2081 1992 2067 2395 415 2340 408 507 162 1786 1173 1403 1898 1338 1282 201 1891 2014 1717 675 782 2115 1632 634
1018 2210 1749 1822 409 754 1910 2135 585 1003 766 2346 83 1153 854 30 485 105 2413 2196 1830 939 1432 1393 637 257 1407 1938 1920 54 1467 457 735 2425 988 1619 1270 710 1235 123 355 1760 645 169 341 154 440 2318 712 5
2279 1591 1778 1358 2153 1977 989 1344 227 1354 2213 2016 1378 775 1954 2165 1325 2377 540 28 589 607 2225 2371 2397 2220 1916 90 2281 367 2418 2057 1474 2476 882 238 38 2058 102 1918 1814 1058 1334 999 241 456 2332 101 389 709
1546 474 1883 2439 2367 2120 1517 1835 1476 2303 1851 1123 824 1560 728 2224 1729 996 2266 274 426 1772 1224 1192 998 664 230 2411 1565 56 245 1409 496 1581 1470 535 1289 1 391 2104 665 978 887 431 2452 2337 925 598 2442 1064
809 41 2383 57 1260 497 1990 2364 1005 2429 844 695 135 1805 113 962 2020 1678 1068 1297 270 975 163 1580 1189 1053 719 2369 1829 2291 317 1955 1350 2097 2300 2426 222 1361 11 542 1208 1075 841 2109 845 813 69 997 605 1225
1876 2344 1784 434 2366 1152 980 127 359 945 2143 40 2121 1687 2286 616 586 690 2228 2241 732 1386 2323 2101 1227 225 944 2302 783 954 2050 530 2042 1000 1320 2244 1163 510 179 260 2094 377 1251 820 582 2031 2469 1172 1212 84
1982 547 1113 2256 1963 2419 2343 130 898 2201 727 738 1209 184 592 2380 1198 660 2189 2229 926 2218 2480 2444 2142 298 1106 2472 2007 2079 2098 1234 1060 848 2424 830 856 2235 641 2268 2147 477 2392 2462 2435 985 676 671 1550 2382
1471 1072 2440 29 864 1455 655 500 1389 2052 594 2384 851 990 2415 2295 853 332 837 278 793 909 198 554 489 679 707 959 305 914 2192 1728 1175 1245 93 604 342 132 1586 125 364 642 1554 1583 741 379 557 1321 2406 1057
1027 279 180 2458 1860 923 1626 472 2438 215 1160 2412 1030 2254 1635 1101 2463 2177 1028 2432 1563 1569 1792 2304 204 2264 1614 2473 2168 580 1184 448 1384 31 103 758 1249 2388 1339 921 206 118 1950 396 1211 2494 907 2387 2284 26
1613 2342 1061 525 61 2176 1456 643 796 625 2006 1929 578 2107 307 935 815 677 792 1001 960 63 1022 545 388 297 1151 1489 1222 1995 1911 1011 2000 934 2499 1037 366 588 450 609 1120 1933 2272 870 2333 1902 1806 2401 1185 1892
