50 2500
658 2195 1188 410 197 1347 17 1507 1003 329 217 85 1211 1208 2038 2407 662 800 590 796 40 519 697 750 1344 413 280 2360 2406 1838 1235 557 2455 2199 875 912 1511 1615 605 1272 422 88 1127 393 787 216 693 48 1193 399
1153 416 330 983 632 1692 1232 2355 1371 2409 768 1978 1693 1277 2307 684 2021 335 806 1625 2385 1570 1627 438 1343 1577 128 773 1592 706 1896 2002 603 473 2259 1585 203 1462 1427 453 1468 1976 429 187 966 1865 1365 1007 1720 1337
1254 816 2295 2404 728 2161 1328 471 1587 1431 1346 263 2084 841 1077 641 1480 293 1624 118 511 1307 538 181 359 586 927 1653 362 1242 1331 169 136 562 271 1315 105 1151 1340 1489 1267 556 2359 391 1667 186 219 131 424 874
227 1407 350 2207 1699 537 1981 2265 1742 1850 1777 782 311 1260 670 355 1219 2387 1379 513 1098 1351 13 51 1231 1094 992 592 1207 198 464 2001 336 1000 1607 842 55 2019 301 24 655 1743 475 791 852 1425 357 130 338 1634
297 2352 2156 542 1096 1214 1959 1047 560 1437 1517 1802 1439 826 881 799 1043 1588 482 2182 63 2142 748 251 572 845 2066 1354 1778 2477 2007 133 2145 1108 771 289 2075 807 366 649 547 1785 577 905 2395 2470 110 510 1403 523
405 2196 449 1820 1708 608 820 2147 1051 150 645 623 2088 1546 1528 2191 972 1087 1985 1575 60 153 496 349 2464 1803 346 1890 509 988 567 635 600 1295 1057 490 2235 758 334 918 1809 1200 2372 920 2478 953 1129 989 2186 531
545 2396 1130 1843 2188 855 1212 121 606 1582 486 34 192 866 700 1103 440 981 1169 1761 1769 115 2331 1750 1831 506 1567 1498 544 1695 472 1644 1227 404 342 1771 2392 2380 1730 402 132 1452 797 770 1248 1099 177 1833 134 860
2170 25 933 1885 1250 883 2412 1958 2212 1652 466 478 463 1835 1078 2036 2133 2461 1092 1190 786 827 1928 462 1131 1717 1024 103 1529 1732 238 1738 764 1138 1338 2411 1638 2109 2338 1106 2365 530 2030 1862 306 1216 178 581 943 1874
780 408 2013 583 970 833 504 2061 2158 374 584 1375 733 2041 307 788 589 821 575 915 1360 810 1545 1495 1112 1965 2423 949 907 66 625 1180 1029 1701 566 1963 2311 1348 1053 378 514 1179 1922 158 1597 2089 1658 1725 1679 1504
962 2324 1654 1004 1364 246 1144 1149 2011 2031 508 951 679 712 574 1648 652 892 909 722 551 1372 1088 1089 1355 1478 2343 1668 2397 967 256 2252 2000 901 316 285 1595 975 2481 1148 2072 145 731 447 2043 2155 433 1311 1028 1522
610 411 766 2456 166 53 1832 1358 1225 571 212 785 2 367 2037 769 1031 415 1076 2047 539 2168 980 1740 868 443 743 729 1554 2150 633 139 126 559 32 1164 1563 568 1367 1042 1931 1383 2048 2050 260 2167 986 1117 1516 2183
1657 1178 154 312 526 2056 1715 1262 259 1571 1664 1909 1501 2209 2282 710 403 897 417 1584 719 535 1187 1370 1294 1632 776 1282 2157 1206 1751 2318 2192 2497 1251 1631 127 917 495 891 62 1090 175 2065 1143 724 1973 512 1988 1394
1637 2260 1353 564 516 1673 2437 1059 1481 838 916 84 313 2231 1623 1622 333 1917 1066 124 431 1514 1521 2364 543 2092 146 1925 987 2274 1509 944 2025 831 1549 1674 2090 2449 1410 1681 1445 29 2375 971 1300 2119 899 872 2054 1423
205 723 409 648 1290 195 100 1817 1946 1586 1156 114 2462 2189 819 1273 2187 1416 2122 814 451 676 2206 2083 1058 2126 2014 1892 1591 1017 1656 1671 945 321 2401 2143 2005 1401 241 1136 2475 898 2063 1905 104 42 919 1773 765 1505
1518 1263 2275 1530 2006 299 2428 747 2346 1400 1013 2353 414 928 383 2297 1857 818 847 1687 969 113 2251 1050 1795 2204 659 735 1482 1918 1569 2465 1038 1760 1289 1063 1471 985 93 1938 622 240 1491 1492 1159 1672 1962 278 489 1457
2349 2091 2246 1994 1605 2064 596 332 1011 179 30 2203 1486 1942 1145 492 1318 1475 323 2101 1010 182 89 2292 439 125 863 1578 213 692 1921 1941 442 1309 1535 76 1422 2452 2384 2026 974 372 2454 757 978 1542 657 995 570 699
2242 1676 1863 222 1173 1561 932 2137 1984 976 2113 12 86 2433 2301 2335 2078 430 588 189 931 456 1301 107 573 1579 1626 2261 2303 675 498 2160 1484 2291 1336 156 1709 2166 1122 2467 1067 2132 390 2289 1314 1002 1566 2136 303 1983
1329 991 70 477 15 1460 418 483 2029 1877 884 1601 1366 1526 275 629 2120 10 2154 1685 844 997 1068 1310 446 802 853 739 80 613 1990 1048 2445 524 1185 1183 143 1500 284 1796 1476 1259 1293 1779 2444 1558 1349 1317 1818 964
407 1969 1825 2240 1912 1398 1895 2435 548 1441 2471 1604 2250 1019 233 52 218 1894 1006 1339 1539 1494 2328 324 1056 1012 1754 215 973 1807 1878 199 135 1052 229 1991 1789 1649 2149 2472 858 955 59 1497 837 929 2430 168 261 2288
298 1606 1762 1435 61 1968 1245 172 906 1770 1993 2334 1039 167 1286 2267 1433 140 290 1780 2241 1755 1635 1904 485 1465 188 2253 1081 737 461 2053 1915 254 1110 2104 2268 2118 385 237 653 595 2169 386 44 1413 200 1900 2070 191
1046 673 1362 1661 1412 1448 300 1044 1593 36 1009 2058 708 2028 1600 1419 1083 37 836 1146 2489 1428 1447 419 1443 292 1839 721 1611 678 1240 1823 579 365 2074 2017 741 243 1822 2256 2128 1140 650 1702 2403 1377 1927 326 304 959
305 1982 848 1618 752 1420 310 56 2244 2480 434 1513 1345 1035 2463 1914 1891 1215 2230 2476 663 1244 1189 1741 2339 1555 1574 968 2432 1819 1155 2071 210 1168 2390 1955 695 1195 1485 1226 1686 1454 1257 1269 370 2225 38 793 428 79
2003 1256 1887 2358 11 1548 1792 1342 2135 394 1321 2042 1768 1564 2287 1719 904 2039 1147 1828 95 1376 1319 445 144 634 2177 1421 2262 1642 1972 2106 713 2221 1005 1724 201 1876 1015 2243 474 1872 401 1932 1304 2479 214 1847 2416 2153
1326 1525 283 1899 1380 2040 341 2129 744 223 1308 2460 1085 1455 2097 549 2237 1902 1949 1120 2494 487 1434 225 436 1312 1385 850 163 1335 1541 119 319 628 1766 470 740 2442 2190 1205 1786 777 1920 2371 2316 694 1123 360 2016 2032
1712 2115 626 2345 264 441 493 1731 1453 73 977 1543 1979 602 705 2127 1948 624 1474 742 2202 2363 267 646 1285 91 5 2067 656 173 320 667 281 1382 1246 1 2347 1341 1045 822 1830 1552 435 2468 1265 69 502 994 1923 550
1184 2234 726 291 1628 1033 1784 1298 1704 2247 1121 1210 1292 1556 1429 2457 22 604 1860 1218 1598 2131 856 72 1868 2447 257 1827 2086 954 2302 1014 910 1287 1608 2035 2214 339 1944 1247 164 2076 563 1889 116 1888 2103 939 1135 552
1840 1907 1030 585 1333 2264 1160 941 123 1774 1196 1299 318 1255 331 921 2164 1264 2483 808 1203 1735 2446 2386 1415 1230 528 689 325 1790 3 2421 1711 2381 1252 1691 1581 2441 755 957 220 2046 1663 381 1201 1727 2296 1765 1384 286
1488 2165 1532 1898 375 1395 1027 762 358 2306 715 1562 887 730 1811 1095 718 1737 1276 2210 1040 558 1388 1998 2313 1645 1670 1442 2429 1603 1202 270 2329 1114 2373 1764 276 711 476 98 1559 450 2018 162 117 1935 1707 829 379 1271
78 1414 1324 746 1115 308 1166 647 756 2298 1723 636 763 2096 1303 1810 702 479 20 1703 1688 1666 288 621 1001 2062 1936 2414 141 1547 147 1924 1728 2484 2474 2055 2140 2314 823 2218 2290 1125 1684 2436 1594 2495 2294 1650 406 654
2141 1800 75 1675 1947 505 1714 839 1278 677 1793 480 803 1540 1167 1710 2174 2107 1700 1970 1836 2033 1091 698 1296 1397 1908 2134 1323 1330 265 77 2220 2323 1884 893 1158 849 1359 1451 47 426 295 569 1060 1490 935 1074 1926 18
520 2208 2376 990 753 2044 854 2408 2093 395 2383 309 1776 940 2102 942 2279 1619 1209 90 1826 902 41 157 830 1643 1268 2308 2184 368 2159 19 2223 392 2357 1882 1236 2181 1744 1713 861 565 2451 2426 805 2496 2125 282 58 2422
717 1469 165 1459 680 878 1956 736 39 682 1834 886 1966 1630 1726 1479 688 1519 2239 1061 64 1788 1705 1284 1229 2315 2487 1706 1322 1867 2123 1369 2453 1238 859 211 151 2205 2280 1745 1873 2257 1350 2254 709 1821 87 2178 377 2405
148 138 666 183 432 2325 615 1846 1919 598 1405 555 1305 1859 481 1716 2226 1798 1945 302 23 1502 1651 2402 1901 1812 2312 1960 2045 1747 2391 843 1270 1794 1241 1170 1759 1406 716 484 1261 727 1464 1911 180 720 643 1064 209 911
337 2151 1194 2418 2482 2491 2229 876 1204 811 1659 2317 1913 97 1361 798 760 2232 2197 1221 687 2332 2340 1176 936 1620 14 137 1438 1327 1987 781 779 930 244 2004 1018 1617 1844 2448 258 1399 1016 1893 371 2198 1952 1682 120 1281
1062 2393 685 599 423 1734 2152 1646 1629 425 683 1022 961 701 518 1368 245 1805 1640 1450 2146 1152 1430 226 1967 1041 1302 6 690 607 759 1813 1192 794 2052 767 1172 617 2469 1458 1879 507 1870 2488 457 1079 2105 1553 1274 1808
468 1313 880 948 184 1602 1104 2398 1855 43 1957 1224 2281 99 2434 1325 1386 1995 57 1363 1141 224 1636 1854 1150 534 913 1533 616 1037 1633 2473 248 751 2439 963 1729 2024 1665 454 8 703 46 1280 1866 2077 1163 862 2427 1134
26 1683 795 2139 1182 1174 1721 1531 1940 1639 2117 74 382 2354 33 420 129 1404 269 2108 412 1975 749 448 1025 2362 541 1660 772 49 952 1408 2283 1258 1109 620 809 328 322 1596 1799 494 1678 644 2022 161 2284 2015 2222 2255
789 1356 1814 1580 846 2330 1696 1396 1853 2095 1858 397 525 314 835 501 1551 672 1101 1718 1961 1694 1953 2068 1128 1107 1837 277 1767 1781 2378 1576 2299 1599 2493 460 1049 1609 2176 2100 1689 2286 2400 1565 1463 2245 2266 2162 176 908
738 946 1697 2413 1527 691 2419 2498 2348 2069 1871 601 870 2085 882 235 1897 171 206 832 790 533 2500 81 1069 252 190 2351 2148 873 651 1086 315 1065 67 1124 2112 1815 101 427 671 965 998 50 639 1032 1775 185 857 369
2369 725 1102 783 1082 2049 1316 1391 465 1334 851 1297 2172 1903 660 27 155 984 373 1980 234 1222 900 1389 2219 1239 1977 249 2443 353 612 1861 279 1020 1279 2236 2486 2215 950 903 68 609 1055 2009 2285 1071 1390 2087 497 1875
221 1466 958 1487 2023 1886 1612 674 1510 669 274 578 890 458 1736 2304 1971 792 937 1378 2276 1266 1436 455 1291 1996 1797 2059 1186 1906 2233 345 817 960 2499 196 1856 1288 1449 1424 1954 35 1118 1573 2217 108 294 1440 2060 934
2228 2310 2336 2420 112 364 2366 1483 2080 2394 707 469 1503 1137 686 1467 2370 347 1237 2114 1950 272 2485 2216 1589 247 576 1524 638 594 2342 661 1113 488 65 804 1409 924 2319 1937 1119 1964 1418 2248 1133 1864 1233 1165 387 1534
2374 2377 1381 1733 2273 784 2326 122 1393 867 273 106 522 2130 250 2073 1544 1647 1512 82 2079 704 2337 1392 2322 83 627 2379 1782 865 1070 1749 2099 1023 1999 2389 979 2350 521 2098 2027 734 384 159 2466 1520 467 1357 2258 340
499 631 2321 266 1842 500 1791 824 1352 149 815 388 1213 619 1536 194 1217 2272 2010 582 71 28 1783 1034 1951 1804 1306 1641 1198 1199 761 1243 614 527 1373 2249 354 2144 1461 2327 2450 1126 536 1662 231 888 2012 665 54 1916
1496 1157 938 2111 517 1142 637 1139 1154 2082 421 2270 1763 1332 642 2194 1191 1093 152 2388 618 993 1084 2382 21 1223 611 1852 681 1072 1758 2438 2193 1473 1616 1080 696 1939 452 2175 2277 361 444 1073 2238 2121 380 348 2300 2431
344 1989 2081 287 242 1583 1748 94 232 1175 2458 889 208 2110 2415 204 1974 1849 580 396 160 2309 1929 668 96 894 1275 230 2490 1234 398 1161 745 1026 1181 1446 2163 561 1621 376 1739 2020 31 343 2293 1829 1824 1610 1477 640
896 1162 587 1538 503 207 593 1881 7 2051 1402 1220 1177 262 2180 926 754 1560 1752 1100 1613 1320 2116 877 591 1677 2333 2173 1411 2367 553 532 2341 828 2034 174 2185 879 1655 2224 1943 389 869 2263 923 2356 540 1417 1753 2417
1557 2459 664 236 840 1253 2305 2361 922 1456 2492 2368 2213 1590 885 1934 1997 1515 102 2440 812 45 2171 1470 597 895 1506 1669 1283 459 2269 2200 351 2425 2410 1756 202 982 253 2271 1075 1690 268 947 1472 1105 956 1097 999 774
1036 9 1986 554 1508 2094 1757 109 491 1841 1722 193 16 925 996 714 813 1883 400 2124 142 1021 1572 529 2211 1054 775 1772 1801 1869 170 2344 1910 801 1848 4 1493 1132 1680 1816 1806 1537 2138 1374 1698 437 1787 356 2424 363
1568 1992 111 1228 1387 546 228 825 2057 2399 2227 864 1197 327 1523 914 1499 1444 2201 1614 239 255 732 92 1116 296 2278 834 515 2179 2320 1851 1171 1746 1426 1930 317 1933 871 1880 1845 1432 1249 1008 778 352 2008 1111 1550 630
