50 50
31 6 11 14 10 17 50 45 22 47 23 32 41 35 36 5 4 31 43 11 11 5 13 21 46 45 31 44 32 20 46 39 12 27 34 41 14 7 18 1 32 41 19 12 30 28 1 15 26 50
29 15 10 48 29 3 7 33 28 23 46 46 21 33 49 18 7 37 3 45 27 19 7 38 23 50 16 34 6 28 17 22 31 5 11 9 45 3 11 29 17 42 45 42 34 27 10 17 42 47
50 36 38 18 20 43 21 18 7 22 43 34 24 1 38 26 34 3 9 6 34 35 21 47 24 42 16 1 16 26 9 8 11 50 38 15 24 12 25 37 12 27 49 23 37 27 34 47 30 41
14 39 25 34 50 3 43 7 19 30 27 39 26 22 47 16 38 40 26 16 49 3 46 20 30 43 30 38 11 34 39 31 41 1 30 6 17 12 34 12 24 45 28 38 16 40 36 12 31 17
38 49 3 2 45 10 21 41 2 4 12 1 13 40 50 32 5 23 16 42 19 46 35 11 44 24 49 47 38 24 48 48 33 46 21 30 3 43 19 47 22 10 38 50 30 27 1 4 11 4
23 8 45 50 42 36 10 13 33 10 3 11 23 30 15 45 22 26 12 10 14 5 33 12 49 47 44 19 19 26 5 31 7 28 38 38 9 6 27 38 22 23 32 35 4 9 13 49 6 36
11 2 1 42 5 10 49 27 10 39 11 30 4 29 28 42 5 39 10 23 10 36 16 48 3 45 32 13 47 49 27 6 45 19 22 37 47 42 21 31 50 10 3 50 49 13 25 49 28 14
39 44 36 4 41 45 45 23 43 33 18 33 42 3 42 4 49 31 27 12 30 35 45 43 33 30 43 44 12 49 37 24 29 15 16 19 24 13 6 49 18 42 18 11 4 11 44 27 46 20
42 43 38 9 13 36 38 7 35 9 43 22 31 46 49 42 37 21 17 4 48 13 36 36 34 30 33 9 32 12 15 13 42 37 25 49 22 8 15 36 27 38 7 35 38 47 28 30 18 39
10 14 24 42 31 24 40 48 7 13 7 6 36 7 12 22 36 21 37 34 33 50 41 26 27 8 11 13 34 10 32 7 25 38 8 2 6 5 45 47 46 23 27 32 32 24 5 36 31 2
40 36 42 41 40 23 39 7 10 33 11 45 1 28 17 2 13 26 33 30 46 15 29 11 35 40 18 39 38 43 46 30 46 13 16 22 14 27 31 33 37 28 36 16 44 32 23 8 13 49
40 48 18 10 35 25 44 1 43 45 36 24 22 33 47 17 28 10 31 10 10 44 40 1 49 41 27 28 13 19 49 2 14 35 12 44 14 36 32 32 11 1 30 9 5 42 32 38 35 29
45 32 34 26 24 25 21 17 27 2 32 33 45 15 34 31 37 45 4 37 26 36 34 17 11 35 30 27 1 29 37 38 11 46 8 1 41 40 11 9 16 7 14 18 9 43 39 33 16 44
6 8 42 48 26 9 50 35 4 34 10 25 38 48 27 36 14 20 28 9 31 49 21 2 15 27 25 25 23 2 13 47 15 8 30 9 30 32 48 24 26 40 37 18 42 34 9 6 32 5
16 27 6 33 43 36 32 30 15 40 48 37 32 12 19 4 21 7 21 26 23 47 29 5 2 38 35 16 16 35 17 18 11 23 30 32 39 19 34 15 13 35 4 3 42 32 28 19 19 21
10 23 16 14 34 49 47 41 27 4 43 4 10 38 25 36 12 8 36 40 33 10 5 1 21 34 27 12 36 5 49 1 12 41 39 36 21 17 20 14 9 28 11 21 45 11 24 18 32 35
47 47 15 46 19 19 47 21 1 44 24 2 11 41 21 19 47 17 48 19 23 2 22 7 47 19 4 3 14 30 39 11 17 42 7 46 43 13 7 49 15 3 31 24 29 3 1 4 36 41
4 27 16 45 1 47 34 24 8 24 41 45 32 8 27 45 17 39 46 14 37 20 17 17 19 16 7 15 18 21 25 43 5 22 20 21 28 22 19 22 11 29 19 46 21 40 18 35 47 3
5 27 8 37 42 4 4 38 23 19 17 36 24 12 17 4 46 14 1 21 39 43 30 11 10 4 43 21 37 12 32 13 14 26 11 21 41 9 31 38 5 26 13 26 23 16 30 21 16 11
24 25 35 24 29 22 20 17 16 49 41 15 49 22 36 38 36 14 5 40 31 39 26 25 31 30 5 22 10 36 45 5 6 13 21 11 30 14 17 6 8 20 33 19 22 6 23 5 17 15
45 50 1 15 12 30 29 33 10 42 45 25 47 6 26 25 7 40 42 37 7 15 24 30 48 11 19 43 46 45 23 15 12 28 16 32 16 29 3 31 10 13 14 16 16 22 31 12 42 39
9 1 21 4 21 43 20 18 2 39 13 28 45 2 25 37 35 35 26 45 27 40 22 5 25 47 3 18 11 23 18 12 16 5 21 15 2 11 8 10 36 14 41 12 4 19 39 10 20 30
26 40 25 32 45 25 2 29 22 8 44 30 22 26 40 41 28 24 5 49 45 32 42 7 4 40 48 43 17 21 8 45 25 49 39 13 36 22 41 24 32 45 2 16 23 31 43 39 42 12
8 18 2 50 44 9 4 44 3 22 50 3 35 9 9 11 10 18 12 22 31 16 13 8 13 18 39 16 47 10 6 21 9 10 15 6 28 14 17 17 42 21 25 16 31 6 29 50 18 32
23 45 37 12 11 45 17 45 49 48 26 18 50 46 8 44 45 16 41 43 43 32 34 37 37 12 50 32 18 33 38 29 18 44 41 30 34 7 49 21 37 24 17 3 42 40 9 14 30 13
48 39 44 38 17 16 13 9 27 36 10 24 41 20 37 47 48 24 20 23 31 10 18 25 47 36 48 9 27 41 25 29 37 25 46 50 17 43 15 4 29 38 21 39 27 37 31 6 14 29
31 2 34 3 9 41 36 11 22 38 36 34 9 32 16 5 7 14 10 37 8 9 20 28 25 37 41 9 6 5 11 1 47 33 3 42 29 9 12 48 40 41 27 8 41 50 27 1 13 19
4 8 24 50 20 34 44 39 17 37 9 24 44 50 33 39 48 15 33 17 49 4 18 34 49 3 8 33 41 9 36 36 23 29 18 19 38 30 6 17 31 8 40 11 39 31 37 33 6 8
50 17 18 5 28 4 4 12 17 38 21 20 30 44 22 17 24 16 49 8 7 42 3 49 34 2 29 38 26 49 11 16 23 44 14 37 40 42 38 12 25 20 19 20 16 36 40 29 11 12
31 38 23 7 13 32 39 20 23 31 8 12 31 44 28 31 3 16 22 14 28 3 22 47 37 11 22 34 19 16 2 36 8 45 8 9 39 23 10 11 13 41 25 5 36 7 40 26 27 7
2 1 21 8 33 48 32 40 23 5 17 46 8 32 47 38 31 5 30 7 44 43 29 4 44 32 48 37 9 6 43 13 6 34 11 6 50 2 17 25 8 33 34 23 44 23 24 24 15 20
11 29 30 16 5 2 15 38 3 27 18 15 14 33 46 40 21 12 12 39 18 18 13 24 18 42 29 44 23 40 30 46 35 10 1 26 16 50 25 19 29 44 19 48 38 35 29 34 32 14
23 14 33 30 29 2 21 34 32 21 17 45 33 32 6 27 42 34 36 2 39 25 32 12 9 25 29 40 31 21 46 4 14 34 38 37 33 17 38 36 20 5 33 42 24 9 38 6 48 4
23 26 45 29 26 32 2 43 23 21 39 1 22 47 45 41 36 37 29 22 37 15 14 47 49 14 28 26 10 40 44 22 15 8 27 22 32 11 21 37 9 16 40 35 28 6 13 21 20 9
19 3 49 13 25 43 15 24 9 40 42 20 3 14 48 50 23 22 40 32 40 3 24 19 50 38 18 30 24 20 34 13 45 23 1 42 6 3 8 44 8 49 11 46 29 19 12 47 9 25
49 33 48 35 12 13 34 23 36 40 45 6 14 33 47 23 15 1 34 5 32 8 9 16 8 38 24 23 8 42 35 47 10 12 16 28 7 44 9 41 28 28 7 10 12 29 33 35 50 2
18 7 28 1 26 26 13 25 45 5 24 29 9 33 41 25 31 43 40 34 39 42 44 49 41 36 45 18 47 14 5 5 26 10 30 13 31 50 27 5 24 18 12 30 11 40 4 36 40 28
4 33 26 15 47 36 20 44 50 13 23 7 20 18 31 20 46 45 38 33 14 22 26 19 49 49 41 38 4 48 4 24 49 15 30 10 7 15 29 36 47 9 39 15 35 10 46 15 27 45
35 39 4 6 48 5 33 32 44 43 44 20 6 2 33 7 29 41 5 5 39 45 47 6 16 31 39 28 12 7 5 43 30 27 50 27 22 50 20 36 25 8 14 40 41 2 8 21 31 6
18 13 7 3 4 41 11 22 1 39 27 4 33 29 17 29 5 41 27 21 50 41 48 13 13 35 38 45 7 11 8 11 16 47 48 13 30 49 18 35 19 25 48 39 30 41 46 1 46 18
3 20 3 13 10 44 33 1 23 43 21 24 35 31 48 8 10 20 46 42 36 4 3 33 43 24 32 14 41 45 17 22 21 13 5 17 1 26 11 9 17 45 20 2 47 14 31 29 32 9
48 12 17 30 34 12 1 27 9 1 3 41 32 41 14 48 8 47 9 5 30 36 14 28 20 12 22 35 27 24 4 25 9 3 27 44 5 32 43 42 19 42 2 38 23 33 47 32 19 8
33 16 28 15 9 15 38 10 3 3 26 28 15 12 47 5 33 29 34 32 10 7 39 39 31 42 22 2 9 25 13 20 5 27 8 19 46 30 6 28 8 48 23 20 43 7 24 15 15 34
16 27 35 21 46 24 40 28 31 41 1 26 25 13 30 39 36 10 12 18 4 1 46 13 37 25 29 36 11 35 28 25 42 29 22 30 42 45 12 5 11 22 30 34 48 48 10 25 42 15
17 11 19 35 39 49 36 39 22 41 41 14 4 25 50 21 11 40 1 33 27 27 26 39 8 6 49 29 9 41 35 34 10 23 10 16 26 33 3 44 25 12 38 40 27 25 4 8 15 43
23 50 6 27 15 39 7 11 42 40 41 48 46 10 17 8 9 10 11 8 50 2 20 8 46 33 7 5 15 7 32 45 25 7 42 18 31 35 24 23 28 37 46 11 16 30 45 12 26 7
40 11 35 26 11 27 16 22 46 10 8 34 12 45 16 12 13 11 50 41 29 37 41 36 4 37 27 6 39 20 28 36 37 25 12 32 27 15 6 31 16 40 3 5 34 5 6 7 45 45
25 12 4 13 19 30 19 11 25 17 2 40 43 2 8 8 45 32 1 28 37 2 8 46 49 48 24 38 28 11 18 41 4 7 2 19 19 44 2 18 25 36 27 14 18 27 49 11 4 35
4 32 11 19 42 48 7 48 7 29 30 10 32 16 25 39 35 36 25 21 19 47 18 30 43 38 24 17 32 13 26 4 19 44 22 31 21 3 33 5 35 19 46 12 21 16 34 3 2 18
24 44 39 38 7 29 21 44 39 32 41 44 46 30 46 36 7 12 35 32 27 17 2 43 3 37 21 18 47 19 28 4 48 36 6 44 44 28 31 47 37 38 38 33 7 36 19 11 23 24
