50 1000
52 304 227 956 240 789 132 949 678 887 136 435 439 725 114 631 696 141 588 571 107 387 654 713 494 288 531 581 258 182 548 828 145 600 791 548 181 550 504 354 313 141 994 291 719 13 289 522 238 101
167 136 588 601 642 178 16 963 391 724 389 112 845 28 796 641 168 481 561 369 88 41 407 967 629 642 259 345 833 704 354 912 243 109 784 195 419 167 382 916 79 268 943 54 945 128 399 384 490 631
985 419 440 198 579 7 415 627 608 76 390 77 970 220 313 885 545 470 727 116 349 541 703 815 316 759 788 150 752 169 546 474 392 8 739 628 241 874 355 290 217 883 916 468 696 236 655 677 468 365
984 229 695 443 356 123 623 237 866 904 594 904 371 455 795 619 903 40 85 620 54 707 691 697 191 442 18 275 328 72 636 357 931 37 690 34 194 979 293 756 255 747 529 929 378 264 550 360 327 614
916 402 723 947 778 211 355 915 155 999 745 82 702 617 220 506 513 607 411 940 570 554 119 571 241 625 162 100 100 236 199 337 888 286 926 349 834 308 476 923 856 195 253 767 518 502 912 981 888 444
222 480 385 144 677 691 310 698 791 532 610 179 570 863 223 550 12 102 86 713 325 197 755 675 97 219 160 231 272 5 971 815 836 765 183 820 887 385 101 865 662 766 420 256 165 650 844 692 816 616
779 326 708 542 833 419 928 787 39 785 651 245 263 298 171 239 127 226 823 559 952 83 410 101 38 584 893 927 435 14 871 17 300 13 235 186 679 958 750 234 815 344 188 880 142 939 431 960 375 173
2 722 853 946 408 133 659 526 388 881 16 670 884 429 766 445 63 709 792 642 120 141 342 591 247 467 710 788 522 990 841 298 941 605 415 52 299 107 519 191 967 966 399 698 964 150 957 80 261 763
808 210 666 775 166 562 391 490 898 35 667 52 513 436 594 214 218 227 247 521 424 806 962 248 701 404 114 378 876 498 599 663 411 418 622 964 716 766 138 857 662 2 763 359 316 768 446 527 626 613
873 22 512 912 817 412 141 138 586 420 128 184 978 14 461 918 690 384 227 735 138 27 318 551 360 138 630 809 533 149 99 484 772 891 147 616 696 806 602 15 745 272 229 110 810 76 107 778 146 199
872 608 956 622 903 589 750 897 899 468 299 148 850 758 205 942 399 667 186 250 370 782 490 803 14 15 963 941 815 74 792 878 223 93 461 996 731 687 183 800 246 172 852 135 530 829 127 362 286 52
941 483 384 293 193 424 984 136 272 916 855 306 947 544 267 756 103 905 464 219 922 683 940 894 51 300 263 23 926 787 268 248 820 670 617 295 83 187 927 980 655 774 470 407 20 210 409 494 151 67
593 428 696 335 400 598 126 269 581 558 319 93 967 810 618 543 23 760 364 608 534 552 675 984 912 291 897 6 260 593 361 44 322 782 247 783 816 286 103 743 608 312 302 117 601 207 300 418 912 307
318 676 2 383 487 323 633 579 798 130 642 793 880 385 463 317 683 608 949 125 604 382 596 432 445 686 366 587 927 35 534 278 39 882 327 902 928 838 166 563 934 786 205 617 890 734 652 908 319 20
854 509 335 925 838 170 602 749 756 953 861 269 447 196 715 679 416 256 811 707 569 359 357 64 321 502 714 191 246 369 527 689 477 803 821 329 224 217 473 180 476 518 843 77 798 233 725 125 770 178
546 511 920 236 656 250 484 475 779 760 759 991 768 667 175 490 426 318 296 483 765 857 893 405 693 607 384 65 889 146 161 63 258 470 958 828 322 763 191 693 291 764 341 322 797 540 415 230 907 712
473 443 754 280 305 346 63 895 167 672 100 681 992 332 407 668 535 12 191 287 833 344 156 336 915 406 482 690 738 332 313 707 591 45 125 715 45 618 933 24 32 642 585 911 548 948 845 605 167 777
796 539 404 887 275 408 525 127 260 472 20 184 19 746 862 653 577 176 525 265 210 871 704 955 501 910 921 980 608 436 35 693 381 162 685 902 972 15 351 777 550 914 769 989 500 698 491 615 418 858
692 970 852 720 138 439 83 620 50 376 155 134 141 502 588 504 440 962 307 923 166 264 349 469 484 632 184 751 712 391 93 709 791 682 661 759 26 778 495 469 812 555 924 743 515 126 112 394 832 535
828 798 220 488 4 796 569 84 818 485 787 601 878 814 473 900 555 688 940 472 462 251 35 793 269 907 735 267 770 330 106 448 683 469 871 766 240 955 678 830 440 552 823 985 863 552 976 941 336 614
772 237 483 92 562 15 668 677 279 71 32 30 593 369 692 620 578 180 236 759 125 761 972 587 200 819 463 335 589 920 809 174 927 949 131 699 486 209 67 58 895 624 77 146 930 383 75 566 49 463
844 50 387 218 667 435 474 707 199 303 551 82 643 772 103 789 801 181 650 530 679 238 721 680 6 112 545 470 843 936 760 267 917 442 851 797 234 380 825 885 429 357 224 887 216 44 722 519 913 692
395 863 93 333 458 53 886 46 522 841 34 374 564 964 418 571 930 933 507 26 746 677 532 444 349 866 333 609 459 432 144 870 685 771 63 282 39 946 946 415 920 589 418 332 783 727 239 863 204 862
347 16 568 391 89 648 585 239 101 528 14 669 698 39 828 795 626 315 755 754 197 1000 712 77 1 814 527 950 673 588 220 637 598 883 582 495 287 310 177 763 86 805 231 792 553 145 875 362 945 98
889 299 259 684 805 942 289 687 359 438 12 894 959 110 103 775 650 994 851 353 153 634 627 596 915 910 811 418 727 933 722 276 344 520 433 183 220 355 815 245 483 860 618 479 265 860 844 88 991 82
16 165 701 863 783 113 292 588 660 621 987 999 448 820 225 829 746 309 129 729 615 202 119 90 722 837 461 963 128 922 634 300 802 463 784 766 800 935 472 356 791 862 156 485 462 288 81 645 899 467
327 387 661 482 615 422 789 195 288 536 14 960 933 373 206 57 175 980 320 555 898 724 88 650 54 482 562 186 933 462 815 683 571 734 661 443 991 994 161 437 261 879 572 415 398 783 335 777 485 533
757 849 798 670 468 964 637 611 462 839 631 275 458 876 825 630 402 471 516 108 266 784 466 635 180 635 344 391 594 67 207 92 1 373 336 400 934 816 100 547 648 419 685 656 17 703 781 725 818 899
65 574 610 39 249 17 19 296 39 546 90 961 105 270 9 419 404 524 434 531 855 879 298 769 466 841 55 250 346 898 944 475 866 190 80 302 222 228 550 497 551 770 979 577 22 566 473 582 359 264
693 864 76 131 785 215 106 402 33 648 460 583 247 795 731 358 637 953 111 65 471 331 268 709 218 326 579 497 789 163 508 670 842 379 885 170 897 175 202 935 386 525 305 137 852 758 320 428 703 693
789 771 731 282 770 293 827 108 692 122 113 966 950 756 862 480 119 729 446 398 556 444 678 805 707 819 132 818 77 531 162 205 287 143 365 818 838 56 744 712 36 574 472 674 891 277 692 52 605 251
436 1000 254 277 426 221 294 913 489 769 775 486 985 933 327 168 331 687 50 240 255 357 224 296 616 293 286 140 41 290 844 724 375 488 658 758 770 528 680 824 32 519 560 155 728 722 18 155 280 700
820 187 4 39 276 325 508 569 388 527 568 494 208 265 850 875 926 595 336 899 203 308 453 346 22 909 459 382 956 580 104 350 183 516 114 963 267 113 615 539 735 153 709 812 892 742 83 69 669 944
602 144 651 328 372 756 756 552 391 256 656 406 646 897 503 694 181 828 754 279 254 943 157 374 285 945 797 22 612 594 780 234 572 877 838 937 241 563 542 8 464 161 755 493 423 177 937 407 442 614
781 779 854 984 232 82 803 336 751 686 203 942 237 531 641 318 262 706 79 968 729 696 169 47 296 238 160 9 439 842 572 461 775 594 145 36 750 312 268 733 957 417 122 660 838 912 501 109 167 312
164 866 983 958 622 917 972 117 443 255 791 539 719 990 509 184 164 149 810 182 371 997 956 916 806 17 721 541 581 896 742 22 323 204 846 125 44 215 267 829 677 709 980 509 704 236 410 296 291 568
216 71 964 107 584 843 843 345 244 991 692 18 767 393 535 505 129 569 726 377 792 330 266 1000 178 862 266 803 180 767 578 880 389 471 972 179 260 224 637 832 2 976 750 799 294 517 493 758 564 398
1000 656 881 889 502 619 389 753 314 152 165 672 877 987 635 450 286 385 277 786 984 66 479 869 408 12 886 476 762 975 555 904 455 351 423 494 517 196 209 434 795 749 97 543 423 651 1000 484 102 418
302 723 904 138 568 203 701 636 484 709 416 487 938 235 502 611 153 988 403 237 202 629 994 136 717 922 238 869 47 481 73 25 701 767 160 261 7 76 722 91 476 162 4 788 365 763 138 750 41 632
635 371 741 526 154 485 221 746 556 525 940 541 179 274 900 755 390 775 34 262 898 822 153 767 450 512 473 212 998 678 324 133 75 634 221 169 695 606 61 198 23 398 515 613 247 650 743 651 733 187
964 379 890 183 672 769 742 688 433 947 127 358 349 416 325 901 870 226 294 753 640 23 801 334 760 163 433 172 835 906 312 87 633 785 317 612 636 196 635 56 696 314 224 859 753 620 39 257 44 325
906 921 475 612 911 943 232 172 334 940 404 924 164 141 813 514 879 577 298 891 663 891 605 854 901 792 52 710 323 322 523 838 191 187 361 959 133 766 117 380 721 278 734 383 366 730 740 772 365 456
790 915 805 439 353 451 587 801 321 682 870 700 535 641 922 418 487 212 488 894 53 431 22 375 540 780 424 962 730 770 866 79 988 575 704 478 121 813 917 34 533 899 428 555 77 490 47 498 17 744
409 365 475 570 890 930 27 257 55 856 132 983 659 553 95 180 14 572 746 545 295 312 740 917 921 434 127 205 552 983 563 462 135 589 779 711 48 411 406 458 519 730 29 833 107 35 44 293 113 159
238 25 126 222 857 197 41 391 939 119 508 918 832 523 21 499 721 531 173 799 651 322 156 98 505 299 470 624 206 839 126 834 403 218 862 432 241 359 840 348 980 794 268 433 405 635 199 971 514 395
220 401 43 262 425 261 308 904 497 548 90 765 609 552 932 305 2 114 976 102 962 245 118 603 974 215 501 593 448 129 864 665 969 213 77 801 36 574 906 582 919 939 180 316 718 846 245 56 166 177
305 838 2 656 238 166 974 337 61 578 238 816 473 27 185 183 699 136 744 755 815 16 565 378 871 399 977 656 994 445 342 536 553 284 214 63 94 816 830 437 281 921 443 653 416 3 415 372 594 383
480 54 264 106 950 435 496 563 246 713 128 122 967 323 820 172 856 967 772 515 93 382 700 282 68 796 169 799 632 887 813 337 858 580 16 672 966 45 555 235 809 6 505 597 13 487 293 105 966 652
266 693 220 384 747 763 54 857 152 321 751 140 921 810 592 137 50 406 458 457 515 700 662 332 835 336 258 735 41 296 938 370 670 48 105 376 594 661 547 415 337 711 585 344 194 591 711 152 180 344
893 437 878 506 808 36 457 753 277 111 235 444 825 60 835 105 864 360 356 766 336 580 137 403 601 973 147 36 739 239 394 474 276 284 973 496 813 501 95 226 951 675 929 442 391 616 342 909 812 679
