50 2500
178 2289 1286 121 114 554 1982 488 767 1478 2009 213 1828 171 1260 839 791 267 2129 758 1664 1728 1676 2243 815 1571 1427 1494 185 1143 1304 2295 590 283 484 941 1167 175 91 1916 814 2045 1563 1347 2300 1323 1376 1526 408 251
2211 1542 1570 1172 1229 1532 1027 2425 1630 83 1016 1462 746 730 769 1327 1679 298 994 970 640 384 840 294 2014 1299 953 1815 2475 2025 162 2407 2383 1972 104 2414 508 1449 1149 215 445 1127 923 374 1079 179 1785 1369 1482 1851
2257 530 1824 282 859 2269 1424 569 1155 576 58 195 1300 92 2399 293 2091 1217 1343 1235 1009 2288 100 1415 1170 2159 2254 991 1960 1096 629 998 1443 1671 2379 668 836 60 2127 1697 1801 1905 589 81 423 749 441 975 594 1813
2218 940 2175 1193 1495 1414 1819 1219 811 206 109 1547 482 1199 1606 628 574 285 2231 1094 1974 1580 1856 347 276 2325 376 1653 1018 1756 2015 1944 581 2079 639 1269 2007 305 895 467 1915 1119 1475 184 622 392 314 124 1129 876
252 1355 1685 2469 2236 1076 1375 1706 1871 1677 371 1106 1541 920 2299 1661 1157 1019 2193 1829 654 1423 1164 1776 301 241 783 1466 425 389 2215 1451 306 284 963 1330 1070 1223 1163 2461 1196 1814 1054 756 1807 1331 517 1189 2199 529
1095 1267 1471 2161 1895 1188 1022 1609 1513 460 1640 962 1956 1602 2114 466 967 417 2039 850 394 1419 1319 1872 1748 2171 1308 2487 2123 2376 313 462 580 2278 1436 258 1186 321 2020 1288 1156 315 1303 824 326 1349 2249 1816 657 577
342 1888 291 805 1136 1115 1435 522 773 1928 1639 1122 1058 744 1227 1092 1519 2384 27 1438 1979 388 718 669 9 383 1883 68 2239 1062 619 2381 143 659 2010 20 1507 479 1763 755 979 497 2270 11 1967 1247 1517 2158 1934 1254
1993 1576 2116 1360 547 1013 917 1262 2153 1703 1598 200 564 363 1984 809 1913 161 2456 2060 631 1866 1957 1131 789 300 1362 170 632 1464 133 520 65 804 1461 243 869 1301 552 626 2436 1886 1717 1029 1158 2024 74 684 1363 234
1307 183 2426 1870 1655 90 1943 439 1924 1191 2130 2273 658 399 738 28 713 338 71 1949 1923 704 147 616 496 2363 2090 1612 1266 149 2482 637 2334 736 2102 1631 1253 253 1306 2349 1873 1342 2326 702 1 1806 1089 307 961 116
799 1243 1408 72 1613 1141 2207 762 1534 1195 2471 422 2419 1004 1026 118 1008 381 1906 1696 393 1725 221 760 768 932 936 1684 1459 904 882 928 1490 732 82 1798 132 493 1000 2338 1722 365 2056 526 2108 1391 1326 2447 557 1153
443 551 1502 401 1531 271 661 1857 2481 1622 1281 1868 119 177 44 1272 33 664 782 519 910 2055 2183 1691 1945 1140 1649 328 1290 2443 790 1339 1134 984 256 1619 2429 598 648 174 1987 2473 894 2204 470 1799 1674 1318 2311 924
781 1582 1154 2405 1965 1714 2003 650 1324 1590 299 828 1309 606 1014 2181 350 40 495 1184 7 997 2304 1789 339 1561 489 1017 2133 807 2216 2346 67 268 1321 597 1463 1878 602 1687 1646 1315 409 1998 2322 901 707 2416 478 52
2335 2406 426 1117 1948 1337 1276 559 231 245 1388 2013 22 63 1709 1951 1015 1730 157 1220 2266 2352 1282 32 2388 2472 1932 1345 210 2467 220 1437 1032 2128 1305 854 905 360 617 1248 1549 1755 969 79 1732 871 2066 535 1528 140
202 1077 834 1874 1204 1297 1605 1055 1508 2208 510 236 2122 1666 685 518 2141 1865 2065 1961 1313 2119 1264 1233 2059 130 2241 972 862 1359 1911 1353 421 1569 1249 1312 607 351 2049 2439 1720 2220 1447 1060 1516 2409 742 1168 888 188
971 2147 1986 235 166 638 634 788 1394 2140 771 776 1175 1034 1012 2281 453 2488 1056 694 2071 1357 1380 1990 1529 329 1183 334 623 1045 1958 952 1797 870 1939 2421 2174 988 1841 1777 80 1350 226 528 645 635 1374 308 1525 927
144 1931 25 846 1766 1621 2234 358 1322 1738 297 1626 1072 1268 137 324 2061 2437 420 604 1064 2022 1455 404 843 2306 1226 1310 187 139 127 474 1688 1636 1930 247 540 2126 39 703 663 974 748 2323 1232 978 1367 1487 1764 2417
2316 1356 1469 1142 1087 429 845 1192 69 2361 561 1484 2072 344 1250 525 2041 2037 1366 512 286 1914 1827 1040 1929 412 2092 1085 1608 1836 877 2477 142 265 1839 613 1200 427 2445 469 468 2360 2500 1399 449 1493 1185 400 1024 154
29 1778 2219 765 2113 2287 1123 1557 1065 985 987 387 165 1512 348 2303 1822 1894 2354 2177 1663 24 1169 1499 2302 866 2042 1742 934 1283 737 330 2080 2 1645 98 262 1530 1222 909 676 1242 2345 4 275 1733 483 695 1975 1735
2309 1137 254 1031 1139 1896 727 1421 2423 229 2242 1782 2085 53 1672 1257 2408 2245 993 812 2176 2182 1669 2069 1130 865 1126 1069 2431 875 1578 1859 1458 6 492 2392 227 1050 1638 739 337 2324 2068 1492 1450 2262 2203 368 1159 831
1053 753 375 2012 943 1775 982 152 1190 432 1212 413 565 1467 1770 1042 1007 2319 1876 1919 883 287 108 651 652 1145 1148 1510 290 1988 2428 689 708 1904 1555 833 1344 2093 46 454 1293 1662 2192 933 136 1287 633 2001 1741 1038
2100 960 370 595 1099 180 2150 503 2011 1485 1648 2385 2021 2223 1368 369 1398 908 1761 2221 524 1656 1515 949 1406 191 2070 1133 1100 1279 2038 1445 1052 1460 1174 571 2413 233 1810 2365 2268 567 1739 2054 570 49 699 459 1624 1705
533 318 1238 327 1599 1565 1252 1005 2280 832 151 584 2111 1221 1292 511 532 295 817 2432 2033 1533 545 487 31 2448 126 1579 2167 1088 693 1216 1465 2063 1405 1869 1899 977 1744 1328 1538 145 450 1920 1230 1211 818 490 1584 1444
1556 504 1105 2189 2117 160 193 1654 1481 169 1758 947 2386 593 1270 867 112 2107 2455 649 2170 1116 1842 1179 1670 1503 820 556 2452 223 543 2459 1120 2389 1180 362 2340 780 377 1600 2246 55 1527 1477 1583 1316 1918 844 2019 48
1383 2194 2401 390 913 796 36 794 2089 939 2026 1539 2351 51 1284 26 1489 1900 1101 697 2162 1082 1231 1314 1452 1754 2457 911 1548 700 129 1296 712 1772 2094 190 2006 2030 385 1401 1594 1416 675 1811 1109 611 1753 723 778 1652
572 2138 3 135 1651 499 2110 101 509 2498 317 16 1125 813 2160 808 2212 1393 1335 173 1523 1354 2228 2320 2000 1431 2032 1381 346 1329 1171 1392 1968 2418 415 929 1258 516 5 724 2027 959 729 1710 1404 457 2397 2143 2222 255
1278 2104 1596 801 566 2371 2424 1935 2051 373 855 1773 418 562 2095 464 1950 47 272 1765 2420 1566 456 573 1587 847 353 2292 207 1861 886 73 887 1205 260 364 881 1063 1853 1041 2099 2101 1178 1867 1197 1246 541 879 1976 1400
2444 2375 1385 264 851 1059 1985 660 1470 2201 1255 678 1698 2125 1554 1067 310 1768 2458 2313 2096 2187 64 1097 1162 1194 898 1078 2491 2321 2400 419 673 601 2078 1480 2294 1160 1457 1265 2165 802 2263 1236 1625 579 793 1694 1644 2265
2028 2372 2224 1273 12 1468 379 2277 2260 407 795 835 431 810 2226 1237 2330 848 892 1689 428 2210 197 2106 2331 1973 1940 1086 858 2358 688 216 885 683 2191 2377 1390 2139 2198 405 1593 2359 1595 2120 976 332 87 230 1620 1724
1378 277 900 627 1498 1751 2462 1708 2053 596 2008 715 2356 864 2084 686 761 198 1177 2374 2290 486 1805 1891 2369 1719 2305 1071 1978 2380 1890 86 609 1643 568 1558 1821 1675 2184 2310 1610 211 2464 107 1771 1727 856 1509 2152 120
1627 1826 1332 666 18 2137 829 600 1937 436 1658 1901 728 2434 2109 2435 1846 17 8 1152 1707 1847 1225 2343 1552 1779 822 857 1882 2179 1537 1637 1820 1386 2258 714 208 2163 1641 938 948 2075 716 414 641 336 1410 1550 1011 1843
2276 1210 2490 2433 1289 2124 1562 1898 1997 1544 1173 203 1680 2097 608 1098 1081 1858 849 624 1683 1520 2478 2040 950 1812 319 1909 194 980 398 745 138 536 239 472 912 880 1370 630 75 1572 2048 1496 343 1686 2415 1864 122 424
542 181 2131 1044 451 1208 1206 747 1737 1804 340 981 2382 1936 57 1745 1668 587 1983 2017 1061 435 1020 1832 1942 434 2062 558 23 250 2286 1224 2046 2252 612 2357 2450 1334 54 709 1903 2142 999 2451 830 1277 671 906 1046 644
726 2050 1402 278 1108 918 823 731 1274 1712 66 1039 1429 665 1711 1963 1833 1969 722 117 2274 2441 792 784 1479 1875 1736 1634 868 1228 1667 1989 1540 2031 1787 1962 281 550 706 853 1048 1783 397 1695 983 1757 1659 289 2248 2016
1922 1792 655 2317 168 1535 1245 1926 2261 2353 764 209 620 1970 1317 2005 1908 2018 1114 1938 680 2332 618 13 1699 359 1780 1825 990 2112 2121 1971 951 996 2247 958 720 288 2373 2098 2214 2144 1959 863 1657 2145 2186 2103 367 2157
1844 1474 1135 1907 465 1182 50 391 592 2396 218 1161 687 1397 2238 2499 1256 2282 642 1734 2364 1879 1506 1280 1759 1592 1581 1441 34 246 2438 1837 1589 1892 146 1796 163 1575 1999 1601 2454 1057 2197 473 2227 128 965 973 1591 1285
292 1439 1852 798 2466 1784 10 257 1830 411 1690 837 1112 2341 1364 1781 1966 475 1597 2154 860 85 153 1678 214 309 775 861 1091 872 380 1955 992 1476 2314 1716 2465 1849 463 1726 759 1074 578 201 1348 2395 2233 2318 2086 1567
841 1838 954 2118 1860 946 323 1104 515 1295 701 667 757 770 803 711 1994 99 167 1808 2453 2196 2486 266 2394 710 1418 1003 1001 937 705 322 84 217 96 38 199 1275 2485 1456 1430 1488 2283 270 1614 61 1925 679 102 1428
2088 1102 1084 806 1921 1521 1379 614 2442 2301 852 438 1080 1673 1049 531 148 1551 164 2230 2391 539 494 1723 249 1240 1642 1729 1947 93 582 2298 159 1446 903 59 1030 1880 1786 303 30 827 1953 1454 56 471 513 2029 527 2308
2370 273 2043 956 1251 1338 1051 1588 1628 1817 646 224 1244 1407 2440 1181 1573 446 1187 625 1432 1518 2232 2149 1500 2378 335 1294 1361 751 1524 896 123 444 2368 1747 2058 507 333 382 2297 2074 1263 1607 480 1818 2336 1760 2023 105
899 1536 1635 1504 341 2255 2279 741 1740 884 1341 1395 1384 1043 986 2350 1023 222 575 2180 2430 698 205 1790 681 2291 636 585 2427 2355 1545 403 1848 1346 1559 1203 1111 890 1128 1774 1769 2402 672 1483 1073 931 692 1603 442 1693
935 325 2225 1793 378 1889 752 2275 1881 615 2390 1138 42 2404 1788 111 925 2489 1325 89 662 2253 1497 2044 553 534 76 189 1320 1132 2073 225 2168 1411 1791 777 1491 1713 448 2296 244 677 1176 2480 754 172 1440 1261 1767 2209
1834 922 97 1472 500 2422 1511 1721 1977 955 156 2259 653 501 1433 1291 155 1632 1298 1615 2403 37 2237 842 721 458 1941 1036 437 134 1946 1616 1912 2146 717 1893 891 1107 19 968 2463 2476 560 2190 2387 897 1047 1964 902 1425
2284 176 1093 921 942 1884 1202 498 259 1302 819 1981 2483 1083 2178 1434 14 763 2206 514 1103 2479 476 2496 94 43 1426 1577 491 1992 1840 2412 1701 2155 1150 674 1863 1453 1692 1522 1166 455 2484 62 2135 786 141 1629 725 2202
1214 2083 320 964 416 2333 430 1585 1803 1068 2446 2166 248 232 2082 1704 2367 2460 1795 1215 366 825 774 733 1365 2337 2251 2348 15 772 2497 735 1574 2244 2393 2267 2312 1665 1501 2156 2449 2235 242 1835 1146 1910 2307 591 2105 670
2200 1373 1681 1604 1165 682 588 2494 1333 2329 2347 2328 1021 1746 196 919 505 1682 182 1389 212 750 35 2410 690 261 481 2229 304 192 1862 787 1002 1033 219 395 1409 1902 2217 2339 521 2213 2047 70 537 502 2398 78 1927 586
402 1113 2264 1352 656 945 158 734 150 349 396 1124 1995 477 2271 2250 691 944 1234 1952 838 1568 88 1218 914 1311 1897 269 1066 316 2132 2169 1037 1239 916 240 1877 331 1991 1831 125 354 1917 2067 1996 106 785 279 2136 131
2035 1647 1121 2293 2148 647 274 2188 311 1351 538 1028 2342 1090 452 779 355 1198 1750 1006 995 957 1259 563 186 2362 926 1650 1794 2115 280 1340 1144 45 800 605 1010 1845 103 1618 696 461 237 1743 1417 357 766 1553 1954 893
1358 989 907 1855 2057 1762 821 1718 1617 915 2411 228 1823 1377 2468 372 1887 1623 386 345 1702 546 2004 1209 2164 1442 1564 2172 2327 302 1396 1110 1075 873 1586 548 2034 506 740 621 878 603 1980 1382 204 2173 2185 1118 719 263
21 1809 1151 2256 312 1546 826 1700 2087 1715 1611 1420 1633 95 544 1413 2470 406 2493 440 610 874 1486 2134 410 2315 2474 643 1854 1025 930 549 1372 2495 1933 2195 77 743 1403 1560 1543 1207 1749 2240 115 889 110 1660 1514 2492
599 1473 485 1035 352 2081 2285 238 2077 2272 1336 1800 2205 1412 2151 1885 1371 433 966 1422 356 797 2052 2036 1505 2076 447 1802 555 361 113 41 2344 1387 583 1271 296 816 1213 1241 1731 1448 1147 1850 2064 523 2002 1201 1752 2366
